X4	X6	X9	X1	X8	X7	X10	X5	X2	X3
-0.0710	3.6943	-1.3354	-0.2385	-3.5907	0.5467	-2.0420	-0.9035	-0.9766	-0.7678
1.6757	-0.7227	0.9775	-1.7506	0.1454	0.6598	-1.6191	-0.9460	-1.5292	-0.1235
1.0966	0.5097	-1.0988	0.7764	0.0848	2.3760	-0.3700	2.3841	-1.5451	-1.9008
-4.3499	0.2813	1.2420	0.7578	-1.3649	0.6126	-3.7240	-0.2461	2.4666	-3.2122
0.5596	-3.1253	-0.6786	-1.9069	2.9059	-1.8679	1.0271	1.0077	1.1139	-1.9491
0.2507	9.3178	-0.0197	1.9763	-7.9542	-0.4593	-8.0199	-2.6454	-0.4514	2.7557
-1.4597	4.7849	2.0664	3.4814	-1.8752	2.9885	-4.4414	-2.0548	-1.3104	1.2285
-1.6705	1.8654	0.1408	0.5457	-3.2376	-1.6090	-2.3465	-1.2194	-0.3315	0.5875
-0.2307	-3.1224	2.7634	-0.8199	1.4521	1.5058	-2.0332	0.4257	-1.9579	-0.6008
-2.1859	-2.5045	1.7245	-2.0206	2.6375	-0.6188	2.1971	-1.9003	-0.0129	-0.1747
-0.2858	-0.0658	-2.3723	-0.8663	2.2146	0.3709	5.8848	-0.6867	-1.9647	1.8814
1.3516	-1.6303	-0.4677	-1.9419	1.6993	2.9275	3.0444	0.8201	-0.0218	0.3366
-1.7571	-0.7698	-2.1621	-1.1819	-0.9416	0.2309	-0.8166	1.2056	0.3078	-1.3014
0.3179	0.7658	-1.6068	2.7793	-2.3166	0.9769	-3.0644	3.0921	-2.2406	-4.0190
0.4701	1.2442	-1.2324	-0.1543	0.0764	0.5785	2.8962	-0.4999	-2.4694	1.8787
2.5170	1.7826	-0.7406	1.1184	0.6392	1.7795	0.0531	2.0615	2.4164	1.2095
1.3048	4.7323	0.0276	0.9087	-2.6885	-0.1293	0.1503	-2.5869	-5.2343	1.4593
-0.7485	0.8563	1.5272	2.5362	-0.8605	0.9650	-0.9143	0.6425	-0.3779	-0.0538
-0.2516	-1.2828	0.8848	-0.5418	-1.4392	1.2990	-2.3418	-3.1561	0.3940	-0.1119
0.1375	3.3973	0.4141	2.0380	-3.6935	-1.8038	-1.7593	0.1354	-3.8995	-0.5967
0.2432	-1.3529	0.4743	-2.1273	0.5637	1.5044	1.7195	-1.1903	0.1429	-1.2742
2.4959	1.2295	0.2330	0.3424	3.3859	2.0382	2.0356	-0.6618	-1.5035	3.4436
-0.8523	-3.5168	4.1819	0.6996	1.4177	-2.7799	-3.9427	-0.6358	-2.1064	-2.6727
1.8495	1.2391	-0.2884	0.9258	-0.7156	-1.9481	-0.3553	-0.8325	1.9874	0.7504
2.0238	-0.2394	-1.6055	-1.6291	0.3280	3.8012	-0.3176	1.1545	-0.1514	-0.0912
-0.1411	-0.2380	1.5266	2.1801	-0.2354	-0.0813	2.0916	1.2490	-0.8740	-0.8239
-2.6730	-2.9315	-0.6103	-0.9424	-0.4059	0.7613	-0.1594	2.4621	0.4802	-4.9942
-0.0665	-0.3205	0.1192	-1.0947	1.2162	0.8530	0.5906	1.7038	0.6516	-0.3076
-1.4180	1.1136	0.2750	0.2763	-1.6798	-3.5426	-2.1922	-1.5674	0.5496	-0.6892
-2.4658	5.1000	-0.7683	1.9189	-3.7065	0.0648	-4.2915	-0.1424	-1.4500	-0.4905
-0.3329	2.5579	1.0945	1.4630	-4.0602	-0.7857	-1.6939	-2.6999	1.6277	0.3684
0.8851	0.4055	0.0644	-1.5399	0.7501	-2.6961	1.0014	0.1158	0.2632	0.8818
-0.6213	-1.2894	-1.7759	-1.5570	-0.6099	3.1321	-1.0460	2.8169	0.2706	-1.8033
0.5508	-1.4884	0.3927	0.5784	2.5199	-1.2999	4.6834	-0.0590	0.3767	0.1404
-0.3030	-2.4156	-0.0150	-0.3546	0.3961	-0.5124	2.1936	0.9502	-0.2920	-0.2192
-0.5823	3.5376	0.1203	1.6000	-3.6744	-0.9381	-1.2548	-1.3559	-2.3045	0.8795
0.0551	-1.8289	-0.3083	-1.3926	0.7156	1.3324	1.5557	-0.4455	0.9520	-0.9319
-2.2679	1.6469	1.2826	-2.1175	-0.2444	-2.5954	0.7439	-2.0048	1.0141	2.4498
-0.3469	-3.1608	-1.5554	-1.8520	4.8485	1.3610	6.3525	2.4727	-1.7255	0.5757
-0.3350	-0.5681	4.0479	0.2018	-0.1733	-3.3440	-0.4627	-4.2881	1.5427	2.4713
-2.4174	-2.0259	0.7802	-1.6109	-1.0833	-0.2756	-3.3173	-0.6454	-2.2155	-1.7434
-0.5118	-0.0086	2.1633	-0.5461	0.9868	0.0148	-2.1537	-1.3663	3.8733	-0.8453
2.2609	-0.6594	-0.0712	-0.0376	2.3996	1.3793	4.0988	2.0193	-0.7848	1.5587
-1.7891	3.3004	1.1488	4.0835	-0.9470	-0.0018	-2.2879	0.5763	2.7419	0.2104
0.9912	-1.0461	1.0896	-1.0954	-1.3871	-0.1534	-0.3312	0.5851	0.0473	-1.8743
1.6307	0.7750	-2.6144	-0.6527	1.2818	2.3074	1.6575	3.8796	0.1921	-1.1939
-1.2710	4.9676	-1.0550	2.2790	-3.0995	-1.4215	0.4797	-1.8270	-0.3720	2.9654
-1.2799	0.7840	-0.3340	0.1584	-4.0924	1.2486	-2.3296	1.7970	-1.0562	-2.8439
-0.7580	0.2143	-0.5397	0.5398	-2.1918	-0.4436	1.3682	1.0414	0.5853	-1.5027
0.1391	-3.0984	1.5643	-2.5112	1.1486	-0.8611	2.8548	-2.5748	-2.6123	0.4311
-0.5960	0.8585	0.7678	1.6967	-1.2626	0.2528	-3.3846	0.2582	0.0528	-0.4480
1.1514	-0.9442	-2.2255	0.1779	1.2972	3.9125	0.3461	4.9674	1.9434	-0.6956
-0.8256	-3.2915	4.4942	-0.7753	2.2304	0.2589	-2.4211	-3.1581	2.0861	0.1392
-1.8624	-0.0155	-0.1747	-0.7486	-0.5588	-1.0966	0.9793	-0.0878	-0.8387	0.9432
-0.6299	8.1893	-1.5712	3.8902	-5.8188	2.2145	-5.7679	-1.0619	-1.7607	1.1217
-0.1445	1.6316	-0.1475	0.4340	-2.7608	-2.2179	-0.1515	0.6116	-0.7695	0.2558
0.8916	0.0602	-0.8377	-1.6382	1.2352	0.9529	0.1486	0.1846	0.7982	-0.1804
1.1773	-3.6591	1.6317	-0.6012	2.4433	-2.7553	-1.5736	0.1773	0.3545	-0.9518
0.6482	-0.0741	3.0841	2.0822	0.8043	0.4107	-1.4986	-0.8625	-0.7313	-0.3198
-0.6847	1.3204	0.7245	1.3137	-1.5223	1.5608	-4.2502	-1.8420	-0.7992	-0.0248
0.1262	0.1790	-0.6024	-0.7279	-3.5068	2.0375	-3.4740	0.2920	0.4157	-2.8416
-0.7572	-1.8365	1.8121	-0.1240	3.1731	-1.1415	0.6590	-0.0105	0.7261	-1.1803
-0.2120	-2.7300	0.1566	-0.4623	0.2381	0.3517	-3.7618	2.1443	-1.3435	-2.4652
1.0850	-1.7331	-2.5169	-0.7401	0.7979	-0.5048	-0.1889	0.6662	-1.2758	-2.2519
0.3133	6.1120	-0.7882	1.6974	-2.5695	-2.8424	-0.6248	-1.1531	1.0056	2.3795
-1.0502	0.8263	-0.2840	-0.4058	1.2729	-1.2710	1.5346	1.0143	2.0824	0.2631
-0.8580	-0.1884	1.3516	-1.0121	1.5147	0.5694	0.6431	-0.4937	0.3980	-0.4656
-0.3341	-0.7644	2.4382	1.9791	-1.3313	1.0319	-1.6043	-3.2037	2.4331	-0.1257
-0.6673	-2.8023	0.5868	-1.4495	0.9420	1.8910	-1.2551	0.4568	-0.5247	-1.3865
-1.0108	3.3440	-0.2852	-0.1700	-1.7604	-0.7374	-3.1840	-3.2462	-2.3779	2.7677
-0.9905	4.0320	-0.8579	2.1774	-2.5908	0.8098	-1.3670	0.5292	2.6597	0.5545
-2.3752	-3.3935	0.5561	-3.5813	-1.0010	-1.0986	0.4122	-1.6340	0.4736	-2.4694
2.1319	2.2006	0.7747	-0.9014	-2.8416	-0.8593	-2.8142	-2.4545	-1.2463	0.4556
0.5271	1.0221	-0.0765	2.4672	-0.3068	-2.4890	2.3590	-0.0304	-1.7922	0.3118
0.5990	-3.9417	1.8226	-0.1585	1.9950	-0.6525	-1.2233	-1.0612	-0.1530	-1.9576
1.4123	-2.9623	0.8791	0.3299	3.6499	-1.3931	3.8069	1.5539	-0.4825	0.7281
-2.1447	2.0368	0.1250	1.5798	-1.7275	-0.8943	-1.6349	-1.0509	0.0889	-1.4246
0.6650	-3.1366	0.8694	0.0633	1.3232	1.7224	-3.1292	0.1265	0.8497	-2.2229
0.6391	-2.1383	-2.8558	-1.1292	2.9519	-0.6344	4.9466	1.5122	0.3596	1.0887
1.6862	2.3381	-1.7128	0.6431	-1.3391	1.8053	-4.8783	1.1715	2.1743	-0.0954
0.5953	-0.7011	-0.4857	-0.2784	1.2371	0.9711	0.3741	0.3175	0.7650	-0.0624
-2.3757	2.9588	-0.8765	0.3689	-1.8479	-0.3981	-1.7199	-0.3749	-0.2945	0.4448
0.5602	0.5537	-1.3060	0.1683	-2.8857	1.4495	-3.3376	2.2133	-0.9447	-0.8292
0.1975	3.1322	0.8369	1.2937	-1.9243	-0.5907	-0.1748	-0.7264	-3.2323	0.4370
-3.0698	5.1173	2.8456	3.3258	-5.0012	-2.2569	-0.4345	-4.8058	0.0536	3.1635
1.8516	1.2563	-1.4753	1.4178	-0.7433	-1.2862	1.3477	1.4181	-1.1611	-0.2134
0.8537	-1.0411	-0.4360	0.9740	0.7189	-0.3334	2.7256	0.7100	0.3937	1.0369
1.4605	0.9474	-1.2212	-0.1275	-2.1837	0.6063	-0.8688	0.7226	0.9590	-0.7117
-3.3302	4.3516	0.7004	1.3259	-3.3500	1.3240	-2.9400	-1.6352	-0.7934	1.1235
0.3551	0.1834	0.8095	2.3675	-1.1668	0.3409	0.3668	-1.1727	0.6920	-0.9375
-1.4628	0.2017	-3.6435	-1.2358	-2.5461	0.3954	1.3054	1.6017	1.2344	-1.7510
0.8801	3.4491	-0.4641	0.1323	-1.5423	0.4941	-1.2390	1.7445	-0.9033	0.6092
1.3472	-0.0791	1.2099	1.9674	-1.7013	0.3837	-0.6574	0.3790	-1.6226	0.4883
-0.1936	4.9545	0.1752	2.5188	-3.6721	1.4228	-2.4014	-2.7155	-0.0796	1.8930
1.1508	3.1420	0.2752	0.4483	-2.2692	-0.8991	-0.6153	-0.4247	0.5601	1.9605
-1.2881	-0.2270	-0.6407	-0.9995	0.4383	1.4759	-1.0535	1.2303	0.4461	0.2774
-0.7630	1.4932	-0.9410	-2.8389	-0.7761	-0.3252	-3.3277	-0.5036	-1.1293	-0.4301
1.0801	1.9314	1.2159	1.8772	1.3204	-1.8578	-0.6055	0.3052	-0.9292	0.7242
0.3593	3.6165	-0.7283	0.6804	-0.3545	0.6966	0.3273	0.3071	2.5264	1.8590
-0.9493	1.4014	0.9490	1.7609	-1.4739	-2.8038	-1.4887	-0.3911	1.1975	-0.7450
2.4435	-1.2486	-0.1420	-0.9192	2.3815	3.2621	2.2758	0.7737	2.0395	0.4840
-0.3879	-1.1455	2.3757	-2.4711	0.4413	-2.7029	-0.5498	-2.1201	-2.3905	-0.5924
-0.0545	-3.8617	1.0602	0.6050	2.6779	2.7519	1.2529	-0.5960	2.1511	-1.9786
-0.1731	-2.1547	1.6752	-0.2301	2.2376	-1.3187	2.2313	-1.8292	0.6415	2.4012
-0.2480	2.7995	1.1432	3.4324	-2.4681	-1.1030	-4.3402	-1.4958	0.9624	1.0752
1.5499	0.8515	-2.0211	-0.7548	-0.1413	1.5255	-3.2974	1.3454	-0.2232	-0.8770
-0.9897	1.6973	1.3264	0.2688	-1.2231	-0.1094	-1.3100	-2.2146	1.5588	2.2027
0.8798	1.0870	-0.5516	0.2944	-2.9146	0.8287	-2.5005	1.7059	-1.4571	0.1613
0.8816	2.7019	-3.8850	-2.9818	2.0568	0.9236	5.3444	-0.6722	-0.0030	4.7167
2.9382	-3.6278	0.9780	-0.4664	2.9791	2.8796	-2.6428	2.7255	-2.1983	-1.6810
-1.7923	1.6816	-0.3475	-0.5417	-2.3363	3.1424	0.4791	-1.5569	5.6660	0.5292
-2.4122	0.8099	-0.2367	-0.5630	-1.1135	-0.8660	-0.2520	-0.5275	0.1859	-0.4407
1.6195	-5.0118	-4.1305	-1.5539	5.5520	-0.4422	4.8532	5.2060	-1.2601	-1.0413
0.7567	-4.0252	-1.8280	-1.1722	2.2151	1.4939	5.2222	3.4379	-1.7796	-0.4919
2.1600	-0.6998	-1.9317	-0.6259	0.0226	-1.2325	0.9237	2.1138	1.2453	-1.4105
0.6674	-1.4146	1.0965	1.3621	-2.0911	2.7178	-2.0664	1.3276	-0.7216	-1.2241
-2.6134	1.3910	0.5793	1.1878	-2.4370	1.3479	-3.4958	-0.9085	0.9892	0.0574
-1.5953	2.0199	-2.8756	-2.7441	1.1023	-0.0243	-0.9652	1.3373	1.0004	0.7794
0.6023	0.0222	2.1396	0.8063	-1.3908	0.6100	-0.5909	-2.8241	-1.9702	1.9321
0.7136	-2.1800	-0.0658	0.1529	1.7864	-1.1798	3.3156	1.3839	-1.0705	-0.2917
-0.9718	1.4421	-1.9919	-0.6981	0.6278	0.8256	4.2187	-0.9152	2.0425	2.6187
1.9786	3.5644	-0.8878	0.3313	-2.3221	2.4904	-0.0234	-0.1222	-1.0653	0.7195
2.1331	-1.6729	-1.0731	1.4123	1.9278	1.2786	-0.3340	0.7933	-1.5823	0.5411
-1.0414	2.0401	-0.5900	1.1375	-0.3723	-0.0227	-0.3285	-0.7710	1.7334	0.3765
-1.1133	-0.4186	0.5830	-0.7445	1.0446	0.8665	0.1535	-1.3259	0.9034	0.0797
-1.3423	1.6299	-3.5696	-0.7774	0.3260	2.2273	-0.2740	1.8379	0.2491	0.3674
1.1296	0.7381	-2.3724	1.0706	0.9171	-0.7621	4.0429	3.4061	1.9721	0.9087
-0.7847	0.1791	1.1855	-0.5626	-2.9394	0.7567	-7.8238	-1.1712	0.8839	-1.3445
-1.0565	-0.0504	0.5974	-1.2828	2.6899	-0.4670	3.8642	-0.7543	1.4231	1.5739
0.2355	-0.8588	2.3097	-1.0580	-1.0838	0.4057	-1.0108	-2.3715	0.0811	0.7112
1.4373	-1.2040	0.2182	-0.1806	0.8070	0.0290	2.7862	-0.9451	-0.5158	1.0757
-2.8768	-1.0758	2.2466	-0.3019	0.9435	-0.6983	1.6180	-1.4004	0.8024	-0.4417
0.2505	-4.7367	0.3536	-2.5733	5.2590	0.3205	2.4610	-0.9995	0.0125	-1.1688
-0.9674	-0.2171	-2.3804	-3.7379	1.0596	-3.1136	2.5458	0.3884	0.4135	-0.8522
0.6484	0.1040	-0.2866	-1.0670	3.2147	-0.5046	3.3706	-0.3513	0.4406	1.4926
-0.8740	-5.2768	1.7710	-2.8101	2.9469	0.9007	2.5237	-0.7866	0.6776	-0.1379
0.0025	0.9380	-0.2823	-0.2180	0.6482	0.1551	-0.4549	0.6092	1.4204	1.2467
-0.5130	-2.2095	-1.0917	-1.8759	2.7527	-1.8341	1.6272	-0.7006	-1.5394	-0.9417
-0.2469	-0.0276	2.9516	-0.8776	-1.3133	-3.6760	3.3063	-4.7116	-2.3083	2.5273
2.6221	6.3234	-2.6752	2.0111	-3.3181	1.8631	-2.3999	-0.2777	-2.4586	1.9923
0.3855	3.9933	-0.4452	2.0977	-1.1868	0.5601	-4.5006	0.1840	1.7011	0.7322
-0.2125	-1.7937	-0.3217	0.3992	4.3197	-0.2048	3.4914	1.7926	1.0305	0.8933
-0.9281	2.9236	-0.7054	1.6123	-4.5837	1.1199	-4.0038	-1.4514	0.2835	1.3343
-1.8197	3.0679	-0.2819	-0.8383	-2.3411	-0.0230	-2.2077	0.1366	0.2926	1.2028
-1.0292	-1.2941	-2.5481	-1.0156	3.4052	-0.7997	2.6398	1.2562	3.5103	1.4427
-0.2112	0.8616	-1.4768	5.2320	-0.0713	-0.0113	-1.1750	1.3666	0.3423	-1.6998
-1.2081	-2.8987	0.4824	-4.4549	2.0810	0.0619	3.7091	0.3255	-2.0157	-0.8149
-2.8047	-1.2950	-0.1186	-0.3163	0.7863	0.2866	0.1490	1.1607	2.7077	-1.8603
0.3880	1.7994	-0.7574	2.7698	-0.3167	2.1411	0.9697	3.7194	1.0890	-1.1711
-0.6725	-1.1247	1.2694	-0.8205	-1.6304	-1.7239	-3.9642	0.4263	2.2564	-1.7754
2.0230	-1.9058	-0.3867	-0.2555	2.7858	-2.0026	0.5925	1.5286	3.1929	-0.3685
-0.6285	-1.2014	-0.5646	-1.7060	-0.3460	-1.3985	1.6504	-0.6412	0.4928	0.9606
-0.2128	4.3170	-0.2444	0.0318	-2.5152	-1.0171	-0.7771	-0.6243	1.2973	3.1914
0.9116	6.6742	-1.9634	0.8419	-3.2647	-1.5855	0.6695	-0.9171	1.9304	3.7830
-0.1735	-1.3179	2.5230	-0.4613	2.0376	1.0996	-0.9467	-0.5648	-0.6244	-0.3940
1.2644	1.3547	-2.6615	0.1507	0.8943	1.6496	2.3055	1.8890	-1.8923	1.5761
1.4515	-1.9781	0.8931	0.1832	-0.8939	0.2603	2.0385	0.2755	1.7953	-0.0713
1.2302	1.8155	-1.0564	0.4656	2.1844	-0.1403	-0.0007	2.0768	1.0872	1.5078
-1.3726	-1.9304	2.6065	2.0779	1.7606	-3.6565	-3.2149	-0.1670	3.3439	-1.3817
0.3281	-3.4608	1.8125	0.1257	0.4262	1.3754	2.3981	-1.1077	-0.3162	-0.3229
1.6171	0.8455	-1.5427	2.3094	-0.4668	0.0295	-2.3372	0.7482	0.6705	-1.3369
0.5545	0.0499	-1.2854	-2.2496	1.7715	-0.8677	2.0249	1.1453	1.5040	0.0477
-1.7422	-2.2209	-0.4767	-1.0360	1.1173	-1.0523	-0.9859	0.7801	1.7310	-2.3081
-1.3202	2.6312	-3.5286	-0.8673	1.9800	-2.4146	3.6223	0.0445	0.7894	3.3147
0.1703	-1.7168	1.9010	0.7081	3.1481	2.1777	4.9147	-1.2215	1.0839	-1.4437
0.1711	1.0863	-2.8265	1.3702	1.1862	-0.6866	-0.3303	1.9965	0.3930	-1.1358
0.0774	4.4822	-2.2254	-1.2675	-3.0319	-0.1579	1.7492	-0.2017	-0.6058	2.4143
0.2293	1.3647	0.0237	1.0837	-1.2138	2.2113	-3.6743	1.7473	0.5006	-1.2765
0.4995	2.6685	-0.9131	2.3582	0.5846	2.3330	-1.3912	2.4395	-0.1423	-1.9077
1.1579	2.0982	-0.3901	0.4457	0.0009	3.2614	-3.5349	-0.8534	0.2589	-0.0411
-0.7820	2.5343	-2.7863	0.5851	-0.8512	1.8159	3.4207	1.8530	-0.9260	1.3068
0.5417	1.8396	0.3857	1.4304	0.0513	-1.1946	3.4562	-2.1647	0.5385	2.2749
0.6813	-4.5045	0.5204	-1.7844	0.6870	2.2386	-1.9245	0.5094	1.6121	-0.9052
-0.5278	-3.1920	2.2095	-0.6579	-0.0987	-2.4478	-1.9861	-0.0718	2.5713	-1.2377
1.5699	-1.7407	-0.1901	-1.1446	2.0096	1.4973	-0.1938	0.2611	2.8106	-1.1238
1.5317	-0.1570	-1.4283	-0.9930	2.0930	-2.1746	5.2164	0.6574	0.4502	-0.0067
-1.3033	3.8327	0.7740	-0.1278	-2.7096	-0.6203	-0.9313	-2.3167	-0.4955	2.2950
1.5429	3.3784	0.1450	1.8375	-0.2844	2.9989	3.3911	-1.2786	-0.2670	1.6237
2.3402	0.7930	2.2194	-2.4635	0.2019	-1.3336	-1.0369	-2.0753	0.2022	2.6567
-0.2123	2.2777	0.2218	0.4055	0.3033	-2.2731	1.5202	-1.6388	0.2835	2.7717
-0.1331	2.1287	0.2882	0.4475	-3.1327	-0.3217	-2.6816	0.0688	-0.3711	0.6928
2.9201	-1.1613	0.9840	-0.2228	-0.1581	-0.4420	-0.8517	0.1055	-2.5120	-1.2507
-0.1905	0.9132	-1.5361	1.2168	-1.0372	0.2005	3.0382	1.8971	0.5509	-1.6228
-0.7562	1.7797	-0.1377	-0.1735	2.1565	-0.3702	4.6774	-0.8939	-2.5552	2.7548
-0.0187	-0.7256	-0.6365	-2.6868	1.3251	2.5602	4.8931	-1.8502	-0.4945	1.9008
-0.4075	1.0249	-0.6427	2.2210	-0.1690	2.7047	-2.8283	-0.0805	1.0856	-1.3478
0.7374	1.1207	-1.9435	1.5830	-1.0641	-0.8942	0.2010	0.1748	1.2672	0.0186
1.8996	-0.7835	1.5402	-0.2075	1.4802	-1.3941	-0.1202	-0.4066	1.4653	1.6853
-0.0594	0.4514	1.0244	-0.2338	-2.2296	-1.7541	-3.7066	-0.9294	1.7567	-0.0797
-0.0333	-6.5790	-1.5692	-1.4762	1.6672	1.1919	-2.1634	3.7534	-0.9036	-4.4790
0.3283	0.9070	2.4052	2.1272	2.0936	-2.2868	1.6295	-0.2365	-0.4970	0.9754
-0.1823	1.6854	2.6981	-0.1127	-2.2528	-0.4920	-0.6169	-3.8476	0.6776	2.8150
-1.5667	0.6174	-0.6402	-1.2368	-3.6617	3.4179	-3.6291	0.6209	-0.0536	-2.7214
-0.1518	-2.5509	1.4642	-0.2062	1.6785	0.1756	-0.3992	1.0242	0.1272	-0.5842
0.7936	-3.8258	2.1042	-0.0267	2.0472	1.6512	1.5849	-0.0638	0.8876	-0.8670
-1.1065	0.7264	0.6189	2.0290	-0.8176	-1.8315	-1.2247	-0.0388	1.6214	-0.4681
-1.2730	-0.6372	2.0060	-1.3928	-3.1053	-1.8691	-2.7744	-2.1379	-1.5340	-1.6475
-0.6167	-0.1616	0.5068	1.2114	0.8795	0.8278	3.7414	-0.0941	2.0234	0.4959
1.1964	-1.9447	2.7625	1.9431	-0.1605	-1.6904	-4.0432	0.4309	-0.6937	-4.3702
1.0182	3.9183	-1.4206	2.9213	-3.3150	0.3636	-5.7536	-0.0406	-0.0367	-0.5946
0.7968	1.1579	-0.8261	0.9088	-0.2570	1.0135	-3.7140	-1.3661	-0.7856	0.4202
0.4164	-6.4500	-0.5776	-0.9273	4.0947	-0.9921	4.8810	2.4692	1.0532	-2.3264
0.2354	1.9015	-2.1009	1.8110	-1.2330	0.2871	-1.6770	0.8259	-1.3602	-0.0295
-0.2065	6.0874	-1.4230	-0.7329	-3.2495	-0.2061	-0.0536	-1.6046	0.8976	2.1490
-0.6436	2.4920	0.7421	2.3912	-1.5898	-0.5115	-0.2815	-2.2409	1.2686	1.5939
0.5262	4.8711	-4.1519	0.1292	0.4093	-2.8039	2.1786	1.2534	-0.6493	2.2048
-0.7144	-0.3033	-3.6673	-3.7963	-0.0035	1.0606	4.1242	0.7079	1.1986	1.1731
-2.8324	3.5179	0.4243	2.3369	-4.2889	1.7952	-3.9523	-1.6948	-1.6407	-0.1152
1.0643	3.5798	-0.8137	1.7549	-1.7536	1.9735	-0.2970	1.4445	-1.3058	0.7137
0.8381	3.1416	0.7431	-0.9316	-0.1831	-1.2397	0.2747	-2.5403	0.7465	3.4830
0.3720	-1.8184	-1.2227	-0.9420	2.6985	0.7879	2.9690	1.0231	0.0597	-0.5856
0.6401	0.8125	-1.6863	-0.1021	-2.4824	-0.3797	1.6813	1.7234	-1.4487	-1.0642
-1.1905	2.3023	-0.7399	0.9162	-1.5676	-1.9803	-5.7620	1.2364	0.0967	-0.5785
-0.0310	-0.4742	-0.5987	0.4580	0.1681	1.2112	1.1020	1.0791	-0.3996	-0.4011
-0.3954	-1.7931	1.7849	0.3564	-0.9413	-2.0422	1.5805	-0.3420	-0.1065	0.2822
-0.3374	2.0020	1.0988	2.1970	-1.8771	0.2809	-1.1023	-1.0301	0.0838	0.7793
-0.8934	0.7421	1.1303	-1.3883	2.4836	-2.2040	3.6426	-3.8156	3.8017	1.7476
2.7270	-4.1159	-0.7994	-1.1247	3.6617	0.2815	3.8305	2.9648	1.2182	-1.8095
1.0012	-2.1508	1.5640	1.2556	0.2351	3.2890	-0.2020	0.7760	2.0375	-1.2936
0.6058	1.9744	-3.3786	1.6839	-3.0691	0.8153	-2.7057	1.3841	-2.8927	-1.1159
-0.4767	4.1892	0.5820	1.1855	-2.1645	0.6052	-2.7783	-0.1885	-1.2734	1.6278
0.6059	-1.6761	0.3615	-0.2203	2.8678	3.6840	1.7454	-1.4976	2.4605	-0.7570
-0.8283	-0.5532	1.5255	-0.8620	-2.4994	-0.3657	-1.5270	-1.0230	-3.3970	-0.2411
-0.4230	2.3799	-1.4998	-0.4788	-1.3889	1.4927	1.2103	0.0990	-0.2906	1.4860
0.2734	-0.8785	0.4717	0.4630	-1.6880	1.1983	-0.6886	-0.3065	-2.4637	0.0288
0.4554	1.4318	-1.8374	-0.0500	0.3746	0.1250	2.8260	1.6511	-0.1490	1.2803
0.9627	0.7760	-2.9002	0.2564	1.4937	2.5711	3.3294	2.0043	-1.4015	-0.3181
-2.1132	-1.0543	3.0593	2.1678	-0.8482	2.2875	-4.0425	-2.5065	-2.0671	-1.2239
1.7951	1.2092	-3.3598	-0.2364	2.0770	0.4270	3.8329	1.7649	-0.4066	1.3547
-0.2754	-3.2017	-0.4338	0.2846	0.7645	1.0082	0.1490	3.1944	-0.2714	-3.3068
-0.1323	-1.6572	0.1331	-1.2413	3.1916	-1.1151	0.6589	1.1832	0.6528	-0.4202
1.0075	1.1460	-1.0292	2.5933	3.2533	0.8178	3.1550	3.1382	-0.4890	2.4188
0.7866	-1.9202	0.9343	-0.3818	0.3517	-0.4992	2.5567	0.5584	0.5442	0.5357
0.0170	-3.5119	1.6473	-1.6681	4.6693	-0.6922	2.5009	-0.6781	-0.3871	-0.3952
-0.9541	1.0059	0.5167	-1.4734	0.3421	-2.3432	-1.4704	-1.7952	2.1632	1.5531
-0.3929	1.5258	1.1665	2.5079	-1.6640	-0.4807	-2.7250	0.2480	-1.0444	-1.0719
-1.9541	-1.0664	-1.8375	0.0153	1.2201	0.1909	1.8457	2.3750	1.3073	-2.1934
1.0099	0.6520	-3.2811	-0.0792	1.4999	1.4652	3.0221	4.0530	0.3939	-0.4830
-0.2803	5.2061	-4.7420	0.6994	-1.8703	1.7978	-2.6223	2.5358	1.2318	-0.2364
0.6975	1.1540	0.9942	-2.0688	0.8948	0.0401	-0.1554	-5.0642	-0.1708	2.4436
-0.2961	4.1363	-0.8957	3.5755	-2.3231	1.9919	1.5275	-0.0601	-0.1968	3.0392
0.5122	0.2767	-1.1793	-1.7677	0.8814	-0.4172	0.8212	1.6289	1.8212	0.0300
2.2704	-0.5121	0.8720	-0.5927	2.9817	1.2428	5.1163	-0.7225	1.2100	3.2354
3.0505	-0.3147	-1.7163	0.7106	-1.3819	-2.7963	0.3577	0.8606	0.5602	-0.2876
0.7168	-1.3579	-3.4448	-0.2214	0.3002	-1.6681	4.2542	4.4601	-3.0638	-2.1339
1.0588	-1.9108	-4.1067	0.6244	3.0426	1.8351	3.1152	5.5598	-0.4477	-1.7126
-0.3918	-3.7050	0.9361	-0.8013	2.1168	0.8652	0.4283	0.4494	-2.1945	-2.9378
1.9311	-3.5869	-0.0750	-2.4662	2.9402	0.2039	2.7067	0.4471	-4.2156	0.4339
-2.0717	2.5616	-0.8079	-0.0558	-2.7306	-1.2798	-2.4659	-1.9040	1.4308	0.0296
-2.0467	-0.8291	1.7052	1.8146	-1.1237	0.6914	-4.7563	-0.3987	-0.8450	-1.3085
1.2920	2.1367	0.6707	-0.6414	-1.5946	-2.8183	0.4685	-4.3944	-0.5878	2.6380
1.2733	1.3104	-3.6053	0.0386	-0.2007	1.8942	4.4360	2.6961	-1.0536	1.1254
-2.1179	-0.2664	-0.6192	-1.4240	-1.3546	-1.9156	-2.8829	0.5449	-2.2228	-0.9025
0.8693	-1.1391	-2.6797	-1.1790	2.1806	2.5664	1.3906	2.7021	0.5055	-0.1237
-0.1279	2.8013	-0.6889	0.2074	-3.3499	0.3971	-3.6074	-0.2869	0.9543	-0.5098
-0.6757	2.0970	2.2544	-0.6434	0.7463	-0.8792	-1.2637	-2.3365	-0.2389	2.9098
-0.1621	2.5389	0.0871	0.2790	0.5109	-3.2976	3.7300	-0.8642	2.5470	3.4451
0.2413	-4.6436	1.1046	-1.8253	6.1206	-1.6958	0.1285	-0.7795	1.8429	1.1177
-3.0191	0.9011	0.7902	-0.6454	-0.6580	-0.2302	-1.1113	-2.3795	0.6815	-0.3688
-1.3751	0.4971	-0.5053	-0.6403	3.3645	0.8656	4.7550	1.0449	-3.1902	1.0193
0.5566	-4.0683	-1.4079	-3.9031	0.7638	-2.1305	3.3938	1.0957	-0.2047	-1.2397
-1.2299	-3.3686	3.0875	-0.7379	0.7671	-2.3340	-2.8672	-1.5666	0.7295	-1.7066
0.5587	-0.5884	0.9641	-0.4386	-0.5130	-1.2009	-1.8184	-0.6861	-1.6848	0.6722
-0.2030	2.7714	0.3012	-0.4883	-5.0150	-0.6291	-6.5303	0.5642	-1.0262	-0.0181
0.4182	1.0383	-2.2509	-0.4484	0.5670	-0.7462	2.1581	1.6955	1.8371	-0.7080
-1.5766	0.8212	3.0218	0.5223	0.4356	0.9606	2.6117	-2.0100	-0.2768	1.5680
0.0363	1.0869	-0.0699	-2.3342	0.6338	0.0481	3.2071	-1.2025	-0.6202	3.0437
-1.5604	-3.7137	1.6245	-2.3855	-0.4669	0.0735	-0.9993	1.3503	-1.7605	-1.9134
-0.4614	-0.9881	-0.4884	0.1545	1.4595	-0.1727	3.9326	-0.5965	0.8391	0.4848
0.7044	0.0787	-3.2339	-2.8615	0.0909	-0.1461	2.4884	1.3440	-0.9275	1.2613
1.4473	3.3849	-3.6418	1.3502	-1.3705	1.9568	1.0611	1.6102	0.0130	1.0158
-0.2126	2.2322	2.8447	1.6429	-2.2979	-1.1034	-3.2417	-3.5876	-0.6440	1.8817
-0.9885	-2.7912	3.8409	0.3010	0.1882	-0.4131	-1.8003	-2.8832	-2.8304	-1.2823
-1.9485	1.7353	1.4802	2.2919	-2.1779	0.2172	-3.9049	-1.0582	0.4936	-1.3045
0.0625	0.8948	2.3732	0.7995	-2.9076	1.6887	-4.6195	0.8368	0.8446	-1.5681
0.8070	-5.1927	0.6517	-1.9887	5.2649	-2.8084	5.6740	1.2641	1.7953	-0.9612
-0.8263	-2.1814	2.5567	-1.5305	-2.9146	-0.1222	-2.0189	-2.8726	-5.3299	-0.4831
0.3339	-1.7570	2.9339	-1.5220	1.6786	-0.5413	-0.4460	-0.6197	2.5609	2.1678
0.2730	2.9772	2.2696	0.4845	0.2667	-1.6880	2.2873	-4.0294	2.0719	4.0683
-2.2796	1.3080	0.8623	-2.8889	-0.7193	-5.0325	2.9866	-4.9418	-1.6038	3.7823
-0.5822	-2.2669	-2.2756	-1.1133	1.9552	3.8481	1.7705	2.2588	-2.3798	-2.3649
0.9932	-1.2898	0.0656	0.8285	1.2278	1.0044	-1.2353	1.0802	-0.5144	0.2557
-0.1098	-0.4213	1.9541	0.3982	0.5176	-0.0228	1.2475	-0.6794	2.2695	1.4302
0.1933	1.1605	-0.7298	-0.3446	0.7533	1.8077	0.0364	1.1893	1.9971	1.7189
1.3325	0.0564	0.5239	2.0291	2.6962	-1.3844	1.3554	-0.3888	-1.8991	1.1516
2.1915	1.6614	-1.3062	1.5286	0.3865	2.0763	2.5589	2.2722	-2.3822	0.0391
-1.3853	2.4628	-1.1699	-0.0899	1.9779	0.7135	3.2450	-1.2203	-1.0238	2.7591
0.7301	-1.6715	-0.3171	-2.4991	3.3572	1.2841	2.3953	-0.4028	-1.0846	0.4697
-0.3849	1.0490	0.4332	1.1301	1.0773	-0.5570	-3.1755	0.3443	2.8607	-0.9020
-0.3355	0.3447	0.3581	1.1642	-0.5932	2.6247	-0.4857	0.2138	0.8979	-0.6460
0.0851	2.0232	-1.0570	-1.1013	-1.0198	-2.2170	-3.5847	0.5158	-2.7064	0.9108
3.6025	-5.6635	0.2623	-1.8978	5.7971	1.8062	8.0139	2.9702	0.5127	-1.7078
0.0484	-0.6870	1.9955	0.5803	2.1537	0.5668	-1.8299	-0.3415	-2.4677	-0.2118
-0.7393	1.9431	-2.4098	1.1479	-0.2896	3.7156	-0.7192	1.7283	1.5760	0.6757
0.5644	2.1034	-0.9439	-0.1008	-0.8468	1.8967	-0.8954	-0.4176	-3.0261	1.6023
-1.1260	1.3300	-2.4607	-1.2673	-1.1582	-4.0391	0.2933	-0.9207	-2.5864	2.0185
0.0385	-2.4590	0.7091	-0.0041	-0.6867	0.2517	-2.0383	-0.5213	0.7266	-1.9374
-0.1800	2.0139	0.0542	-0.4166	0.8330	0.2708	1.5196	-0.8786	0.1640	0.8879
2.5283	1.1677	-2.9936	0.1728	0.9325	2.9551	3.5539	1.4014	2.6835	1.9020
1.8595	1.9667	-1.1068	0.2695	-2.6222	-0.5355	-3.0184	1.1684	-1.6020	-2.5805
0.1760	-2.2190	-1.6514	-0.4315	-0.0697	0.5193	1.9930	2.2983	1.4123	-1.6822
-0.3486	1.2180	-0.8812	0.4937	-1.1285	1.5531	0.8241	-0.3333	-2.0729	0.6093
1.0131	0.5626	-2.8961	1.3161	-1.8005	0.6904	-1.1486	3.4428	-0.8680	-1.1931
0.2360	1.9498	-1.3798	-0.4947	-1.2252	0.6787	0.5197	-0.1540	-0.4441	2.0438
0.7226	-1.0138	-1.7583	0.1436	1.7208	0.1069	3.9240	2.3524	3.1729	1.2244
0.1824	2.7981	-1.6226	2.1873	0.3575	0.3668	3.3957	0.4307	0.6762	1.6255
0.2476	4.0781	1.1816	2.3477	-1.9961	-0.8316	0.8733	-2.3677	0.0650	3.5019
0.1272	-3.4912	0.9619	-0.5185	-0.4894	1.1230	-2.9733	1.1247	-0.5377	-2.3787
-0.6899	2.3728	-0.3105	1.1908	-3.3931	-0.7778	-2.3150	-1.6412	-1.6492	-0.7044
0.3012	-1.7216	-1.5702	0.2248	3.9756	0.9917	2.2280	0.4349	-2.8205	-0.8133
-1.3506	4.3436	-2.8382	-0.1385	-3.1805	0.8757	-0.4722	-1.0303	-1.1209	0.8336
-0.6242	2.6942	-0.1307	-1.1017	-1.2254	-1.1228	-3.2279	-0.8367	-0.7416	1.5990
1.1105	-3.2634	1.0472	-0.9599	2.9161	2.0687	-0.1665	1.0057	2.5012	-0.6965
-1.8515	-1.2626	-1.4497	0.6247	2.9440	1.9015	3.3900	2.4706	0.9154	-0.0471
-2.0320	1.8550	0.0562	-1.3845	1.3245	-3.1413	-0.4209	-1.4349	-0.6472	1.6883
-0.9963	0.0766	1.8752	0.3938	-2.8391	-1.0013	-4.7894	-1.4416	-1.1760	0.1346
-3.8153	-0.2371	3.1846	3.0435	-0.3005	1.6529	0.4406	-2.5231	-0.7461	1.2997
-1.2297	-1.3031	-0.1107	1.6976	2.0014	-1.1304	1.1881	0.9517	1.3090	-2.1723
-0.7886	3.9210	-1.9890	-0.5501	-2.2507	-3.0581	-0.5616	-0.0737	-0.9323	0.9901
0.2140	1.4810	-0.3361	-0.8557	0.4730	0.3674	-2.5656	-1.0170	0.2389	2.4449
3.6560	-3.8884	-0.0826	1.2355	3.5385	0.8801	3.6756	1.3193	0.6376	-2.1634
0.0605	-0.7253	1.6742	-0.2820	1.2915	-0.7187	1.3152	-0.9592	-2.5095	-0.3846
-0.2330	-0.8670	-0.5226	0.7026	-0.3794	1.2254	-2.7428	2.2956	0.5180	-1.0541
-0.5122	-1.5468	1.2200	0.2393	1.7308	-1.1153	-1.7321	2.1437	3.0640	-1.2794
0.5790	5.1425	0.2484	4.0229	-4.0749	-1.9622	-1.7313	-2.0950	1.0098	0.4600
-3.0597	2.6683	-0.9357	-0.9832	-0.9896	-0.9632	1.3920	-0.1800	1.9577	1.2064
-0.4181	-3.3209	0.9092	-3.7333	2.9825	-4.3738	1.9595	-1.2545	2.1141	1.5339
-1.3398	-1.6673	-0.0540	-1.0499	0.2315	0.4697	2.8771	-0.3659	1.6186	0.1076
0.5598	1.8080	1.4881	1.5704	-1.9913	1.5316	-2.9230	-2.4866	0.5623	0.5859
-0.9309	3.2725	0.7353	2.2414	0.1904	-0.8614	2.6753	-0.9742	2.8242	3.0601
1.5852	-0.2826	1.4108	-1.5057	0.5984	0.3335	1.6458	-2.3430	-1.8691	2.2513
-2.8898	-2.4833	2.3706	0.2927	1.0716	1.6060	2.6095	0.1085	-0.8773	-2.3678
-0.3609	0.7133	-0.0150	0.0128	0.3201	2.0682	-2.0502	-0.0512	-0.2794	0.0901
-1.1394	-1.1848	-0.6799	-0.9185	1.2063	0.6261	2.2980	-1.4970	-0.8446	0.9050
-0.3368	1.1359	0.5833	-0.5728	-1.6468	-0.7904	-3.7429	0.4598	-2.1274	-0.3046
-1.4460	-2.3506	-0.6172	-1.4818	0.6611	1.4064	-2.4885	3.1835	-0.5771	-3.2547
0.5617	-2.1330	0.6288	-0.4681	3.2868	-2.0161	6.9790	-1.6954	-0.1604	2.2179
-2.3064	4.6548	-1.0671	1.7501	-3.9669	-1.0270	-3.1829	0.1954	-2.2643	0.2723
3.1544	3.6797	-0.2481	2.4232	-0.8665	-1.3843	-1.7675	-2.0870	2.1951	3.2642
-0.4376	3.0230	-1.5038	1.8564	0.1180	0.0530	-0.9206	0.8762	0.5332	1.6453
-1.2243	-0.8600	1.1203	0.3824	-2.3288	-3.0437	-3.3979	-1.0335	0.2098	-2.4358
-1.3150	2.9813	2.2147	0.9773	-1.6161	-0.4632	0.1175	-3.1585	-0.6777	3.9439
-1.6506	-3.0087	1.7994	-2.6221	-0.0326	1.7916	-1.1168	-1.2164	-0.5895	0.1308
-0.3465	0.7918	-3.2914	-0.2000	2.5584	-0.7766	5.8041	0.6501	-0.0222	0.7334
1.8498	2.0757	0.0591	-0.1688	0.2039	0.9480	1.3548	0.3147	-0.1363	1.0141
0.9392	3.1976	-2.9521	0.3349	-1.5884	2.8625	2.8894	1.1199	0.0411	0.2074
-0.7901	2.2712	1.4877	0.5120	-0.8803	-2.3775	1.3392	-1.8717	-0.6637	0.8052
1.3250	2.0187	-4.0606	-1.1793	-1.2542	0.4432	-2.4399	3.4021	0.4104	-0.1599
-0.6940	0.6651	3.3190	1.6956	-1.4135	-0.6392	-0.6439	-2.2598	1.6496	0.4940
1.6668	0.4929	0.1759	-0.3574	-0.9353	0.1218	0.4615	-1.6171	-1.6097	0.5215
-1.9310	3.7926	1.1669	3.4691	-3.7954	1.1389	-4.2940	-1.4570	-3.0588	0.1334
1.6311	-5.2949	1.6935	-0.0893	3.7688	1.3284	1.2543	3.1191	2.8489	-3.0974
1.3575	-3.6178	2.7059	1.5985	-0.7348	1.7685	-1.8862	0.9554	-2.2197	-1.1349
1.6646	0.0800	-2.1124	1.3551	0.4992	1.8912	1.1071	3.1709	-0.5028	-1.3761
-2.1182	1.6217	2.3412	0.9904	-1.4999	0.0394	-1.8440	-5.1964	-1.9946	1.1370
-2.0285	0.7504	0.8373	0.8956	-0.4942	1.1327	-0.6505	-1.5940	0.7361	-0.0402
2.8135	1.4230	-0.6022	1.6911	0.3014	-1.3217	-0.6507	0.2639	-1.0884	0.6673
0.9139	-1.1612	0.4710	-0.6171	2.4484	2.2097	2.4698	0.2272	1.6885	1.2913
2.9113	-3.5587	0.7993	0.5355	4.3106	-0.0454	3.5914	-0.6581	1.8869	0.5109
1.2433	-2.9520	0.5558	-0.3843	2.4126	0.8588	4.1452	0.3279	-1.1481	-0.7790
-2.8128	-1.8363	2.7749	0.0604	3.7156	-1.2608	3.2571	-4.6894	-1.3449	2.1367
1.6762	-1.6952	0.0260	-0.2199	-1.8851	-0.3248	-4.5842	0.1591	0.7095	-2.5533
0.1778	-1.3235	1.2275	-0.7205	-0.7325	0.1348	-2.2198	-0.2221	0.8161	-2.0053
1.5368	3.3710	-0.4860	0.0302	-0.0127	-1.2080	-0.7163	-1.1162	1.2723	2.2440
-0.6465	-2.2585	4.6381	-1.2777	0.9140	-1.1589	-2.7278	-4.1152	-1.2406	0.5495
-0.5937	-6.5795	0.8517	-3.1376	5.1613	-0.3782	0.1839	0.4376	-0.9635	-2.2591
1.2448	-3.7942	2.1562	-0.2514	3.4871	1.0054	4.6531	0.7747	0.1907	0.3632
1.2726	0.6959	-1.0206	1.0644	1.8008	0.0637	3.9474	0.0443	0.9368	1.0674
-2.3977	-0.1735	0.5678	-1.4251	-0.2458	-2.0239	0.7691	0.4538	0.1399	-0.7662
0.8617	0.6746	-0.2431	0.7077	-0.8229	-2.2086	1.9311	-0.7578	-0.4206	-0.6034
1.9325	2.3688	2.4825	1.9909	-3.8884	-0.9310	-5.7693	-0.7102	2.1587	-1.1862
-1.5223	-0.1318	0.1054	-0.5492	2.3407	-0.7548	3.1836	0.2373	0.1526	1.1657
1.6455	-1.6159	-0.1269	-0.4058	2.3155	0.5238	2.1555	2.0533	-1.0425	0.0323
-0.6845	0.4756	0.8521	0.9781	0.6129	-0.9475	0.4966	-0.1629	-0.4380	-0.5794
-0.3391	1.4514	-0.3175	1.5103	-0.2819	0.7034	-2.4201	2.0625	-0.1570	0.3262
0.4622	-0.2178	2.3073	-1.0527	-3.0400	-2.2334	-0.6286	-2.4473	1.3332	1.3634
-1.7311	3.8199	1.4296	1.7384	-4.2064	-2.3843	-3.1167	-2.8659	-0.0707	1.2970
3.0550	-1.2202	-0.7407	0.8887	-0.5169	3.6328	1.2815	2.7971	-0.8352	-1.1867
0.5977	1.9637	-3.5069	-0.1736	1.0635	0.5770	0.6644	1.0854	1.7163	1.2099
0.6598	-1.7480	-0.5141	-0.5869	1.3499	-0.7734	-2.3378	-0.8127	-0.2204	-0.2459
-0.1412	0.8896	-2.0265	-1.0573	-1.8413	3.0540	1.0125	1.9662	-1.6705	-1.1320
-0.8228	4.8629	1.0972	0.9916	-1.5452	1.5751	-3.0422	-2.2080	-0.6762	1.6906
-0.0462	0.0175	-0.9754	1.1603	0.1279	-1.7584	2.1498	1.7069	0.2519	0.7936
-0.3806	-3.1761	0.9873	-2.4494	0.9757	-0.1841	1.9621	1.3075	-1.6065	-0.2125
-3.5030	0.2522	0.5441	-1.4225	1.8445	1.1599	4.8336	-0.6328	1.1732	1.2488
-0.7685	1.6094	-2.3563	0.1587	-0.7206	0.3427	-0.7966	0.0893	0.4903	1.4195
-1.6483	0.4139	0.1641	-0.5875	-2.1511	3.0473	-1.4484	-0.5195	-2.4355	0.2120
0.8658	-2.9735	0.5957	0.4684	-0.5702	0.7805	-1.5433	1.2079	-2.4454	-1.5743
-0.3457	-3.5000	1.4329	-2.0732	-0.3140	0.7050	-2.6759	0.8964	-0.0379	-3.9944
-1.1046	2.8441	-1.6562	-2.0281	0.7452	1.9175	2.1791	-0.7157	3.9623	1.8334
-2.7028	0.6005	1.3999	-1.4041	-0.3864	1.2425	-0.2644	-2.0717	0.0460	1.9880
-1.8987	2.4780	-1.1077	1.3447	0.1443	0.3158	-0.2195	2.6054	1.3002	-0.9315
0.1045	-0.9822	0.8028	2.1584	-2.5364	2.3408	-3.0947	1.3737	1.5738	-2.8300
0.6293	0.7518	-0.0424	-0.0726	-3.4028	-0.9614	-3.4802	0.1116	-0.0793	0.8478
0.5855	1.3474	-0.8299	2.3926	1.6032	1.7308	2.2077	3.2130	1.2297	-1.3823
-0.4958	1.1509	0.1566	-0.6548	-0.0208	-2.2907	-0.2907	-3.9384	2.1569	1.3716
-0.8824	5.4765	-3.4675	1.2859	-0.9238	0.4804	3.0147	0.2631	-0.9663	1.7008
-0.0536	0.4661	1.7339	0.2165	-1.5328	2.1399	-2.7063	-0.6965	-1.4739	0.0890
2.1756	2.2631	-2.1456	0.8868	0.2178	-0.3842	1.7428	3.1940	2.0874	0.8183
1.1387	1.0425	-1.2210	-1.3916	1.0692	0.9860	1.2165	-0.4898	-2.4374	1.3393
0.9678	-3.4522	-0.0784	0.3791	0.6878	-0.4333	1.9427	1.1479	-0.2895	-2.4075
2.0661	-2.3303	-1.6422	-2.1790	-0.2728	2.0834	-0.0219	1.1602	-1.6215	-0.5754
-2.3867	-1.0160	-1.4984	0.4554	-0.8652	-0.5557	0.3864	-0.1247	-4.4850	-0.3723
-0.4831	-1.3859	2.9091	-2.9180	0.4670	-0.2877	-2.6797	-3.5610	1.4252	0.8807
1.5413	1.4485	-4.1449	0.8608	-0.6281	1.9506	3.6777	2.1630	-1.2601	1.9901
1.5651	-2.4943	-0.5133	0.3406	3.5277	-0.9032	0.5772	0.9067	1.4485	-0.9495
1.1309	-3.7878	0.9287	0.3681	1.7564	2.8096	2.9138	1.7625	-0.5275	-1.7131
-0.0418	-0.0856	0.7312	0.2751	-1.1263	3.4224	-0.4183	1.5649	-0.2755	0.1629
-0.3417	-0.2244	-3.0787	0.2642	0.6099	-1.9123	0.8070	3.1720	0.3133	-2.7955
-1.9197	-0.2563	0.3215	-0.5155	0.8873	0.0927	-1.0651	0.1865	0.8041	-1.8322
0.2884	-0.0427	-1.0011	0.8426	0.1441	0.4554	-1.8856	1.5751	2.5300	-1.9504
0.8027	1.9947	-3.8911	-0.6779	-0.7106	0.2317	2.0318	2.3391	-1.9136	-1.3315
-1.6045	0.7191	3.7576	-0.5829	-2.2136	-3.2761	-5.0806	-5.5665	0.4214	1.4220
0.8290	-4.3449	-0.0768	-3.1737	2.3251	0.2457	-1.3014	-1.3049	-0.7908	-1.4041
-1.6322	1.4977	0.0061	-1.3485	-0.2981	-3.6920	2.1245	-1.6237	-0.5839	1.1760
-0.8237	2.8843	-0.6242	0.4483	-1.9043	0.5497	-2.2579	0.9472	-1.0899	-1.1259
-0.3844	-1.5955	1.9103	-0.1506	0.0478	-2.3357	-1.3041	-1.2361	1.6068	-1.0102
-1.7775	1.0830	1.3458	-2.1940	-2.1714	-0.7689	-4.2446	0.9223	-4.0780	-0.2760
-0.5583	-0.3602	2.3709	-0.4030	-2.7458	-0.7253	-2.3483	-1.2737	-0.4713	-1.3649
-0.2007	-3.6763	-2.3017	-3.0487	4.8213	1.9391	3.6148	2.5573	1.3276	-0.6796
-0.5693	0.8522	-3.5671	0.5787	1.3516	1.9201	4.6596	0.9906	0.0387	0.7560
-1.3218	1.4039	-1.5645	0.3322	0.6420	-1.1595	2.9334	0.0327	-1.6026	2.4585
2.0696	-1.0066	0.0183	0.6501	1.7672	0.4590	1.0106	2.0639	0.6519	-0.2106
0.4103	0.2601	0.8290	0.2822	-0.5146	-1.4246	-2.9063	-2.0990	-1.1343	0.9710
4.0560	-0.9929	-4.2782	0.8267	2.8829	3.2525	4.6626	4.2716	1.2490	-2.0392
0.4572	0.4687	0.8112	1.6005	-0.6071	-0.3356	-3.0805	-1.1329	2.0736	-0.5896
1.1894	-1.7465	0.5252	-0.4220	0.1932	1.4212	-1.1186	0.1435	2.3679	-0.7679
-0.8986	-2.7675	0.2198	-2.3465	3.5736	-0.9536	4.3910	0.4423	1.9022	-1.6125
0.3479	-1.1917	-0.9591	1.3598	0.8526	-1.4591	-0.9709	1.0256	-0.8943	-0.8517
-1.1123	2.0557	-0.2209	-0.7112	0.4424	1.2888	2.0489	-0.4556	-0.8841	2.1718
-1.6450	-1.9905	-2.5955	0.1879	1.6244	0.6323	4.8396	2.4338	-1.8247	-1.0894
-0.8111	1.9396	0.2974	-0.3204	-1.0977	0.2287	1.6382	-0.8171	1.0828	0.6823
1.4133	2.5089	1.3003	1.3909	-1.3050	1.4576	-2.5235	-1.1577	0.4650	-0.0245
-0.8635	-1.6084	0.9784	-0.3585	0.8964	2.3181	2.5425	-0.6220	-2.8636	1.0719
-0.1547	-0.7069	-0.9022	-3.6630	0.8687	-0.0774	1.7829	0.7162	-1.6492	0.6285
1.0120	-0.3535	0.8202	-0.8734	-1.4718	0.2647	0.4179	-1.8024	-2.2184	-1.3694
-0.6391	2.8069	-1.5940	0.7262	-1.2709	0.9270	-0.3785	0.8490	-1.1424	-0.0250
-0.7304	1.5668	-5.4020	0.3620	1.1966	1.0120	3.1003	3.0315	1.0675	-0.7326
-0.2683	0.7468	-1.0442	1.0822	-1.3163	-2.6495	-1.6605	1.6539	-0.7615	-1.2845
0.1857	-0.6149	-0.3582	-0.8585	4.1230	1.3760	4.4058	-0.3991	2.1970	1.8303
-0.7681	1.1584	0.0947	0.3298	-1.4766	-0.6650	-3.5170	-1.1605	-1.7871	-0.4898
-1.9003	4.3003	-0.4092	0.5544	-1.7234	-1.4861	1.4208	-0.7705	2.5966	1.4963
0.2377	-2.1612	1.5637	-1.4529	-0.0673	-2.9021	-0.4725	-1.4809	-1.3487	-0.4739
0.1976	-2.5080	-1.1413	-1.1699	0.7572	3.6672	0.1909	0.6051	0.4380	-0.1387
-3.5994	4.6050	0.6469	0.9908	-2.6631	1.4089	-0.2252	-3.9296	-1.4438	2.3060
0.8243	-3.5796	-0.1462	-0.7987	-1.5120	-0.0216	-4.7406	0.7222	3.1862	-2.2026
0.4679	-1.5028	-1.4027	-1.7149	0.3366	4.2627	2.8285	0.8857	-0.1258	-1.8653
1.6629	-0.2426	-0.5103	2.9488	0.0790	-2.6546	-1.4374	1.7841	0.4684	-1.3172
-0.3624	2.6220	-1.3400	0.8752	1.0546	-0.8168	-0.0510	0.0105	0.6634	2.7252
-0.4391	3.5756	-1.1431	1.8553	-2.2969	0.0630	-6.1053	1.2710	1.8450	-0.9182
0.0759	-0.4825	-2.8276	-1.0795	2.7918	3.8579	3.9851	4.1221	-0.6732	0.0685
-0.6361	4.4429	-0.8522	1.2862	-4.9218	-1.8417	-1.8666	-1.0716	-0.6448	-0.3659
-1.0973	2.8579	0.8824	2.8662	-2.4319	1.1294	0.0517	-0.6743	0.6770	1.1385
-1.4510	-1.0413	2.1339	1.3779	-1.1680	1.2176	1.9546	-0.5853	0.0344	0.6600
-0.9771	1.2186	-1.4819	0.5579	2.7427	0.7137	2.7399	3.0173	1.1909	2.3619
1.1976	-2.6152	-0.1202	-1.1806	1.4208	1.1551	2.6030	1.3234	1.7440	-1.1220
1.0640	-3.1356	2.3497	0.2823	0.2587	1.3986	3.9663	-0.5819	-0.2542	-0.0533
-1.1924	-2.0649	0.9006	-1.7438	-0.0898	-0.9755	0.3626	0.1004	-0.5776	-1.3724
1.4306	2.6697	-1.3774	-0.3035	-0.4639	-2.8257	-2.1578	0.5529	0.2376	2.1601
1.6863	2.6301	-1.4807	1.8546	1.1312	0.4508	2.6634	3.2303	-2.0278	0.4115
-0.5907	0.4627	2.6184	-0.6357	0.9359	-1.2796	0.5147	-1.9975	-2.3149	3.1071
0.5596	3.0438	3.6004	1.8920	-3.7820	0.3150	-6.8153	-2.8965	-0.7590	1.3873
-0.7368	0.1354	1.6852	-1.5347	0.2431	0.9545	0.8690	-3.9430	2.0620	2.1571
0.9330	-0.1361	2.3409	1.1898	0.2898	0.2529	0.3132	-2.7586	-3.2552	0.5577
-1.3146	2.4328	-3.0871	0.8048	-2.6952	-0.5187	-2.3069	0.7180	3.0175	-0.2205
0.9395	1.2315	-0.0182	-0.2317	2.5883	-0.1543	2.4878	-1.6813	1.7856	1.7825
0.9655	3.7265	-2.3128	2.1765	-3.0520	-1.5098	-2.4408	2.8175	0.8173	-0.0204
0.0238	3.3657	-1.4795	1.4547	-2.3046	-0.8932	-0.5532	-0.8865	-0.6890	1.9161
-0.7651	0.7963	2.5227	3.1187	-0.3772	3.7267	-1.2088	-1.8020	-0.2477	1.1842
-0.0435	-2.1946	1.7880	1.6957	4.3977	0.3125	-0.6177	-0.4707	-1.6895	-0.0378
-1.6190	-2.0287	1.3283	0.4713	-1.3363	-0.1478	-3.4846	-1.7841	-0.2914	0.0369
1.8397	-1.7428	2.4019	1.2602	1.5649	0.0764	-1.9668	1.1551	1.3679	-1.6501
0.8886	3.2115	-1.4826	0.4474	1.4647	-0.1349	2.6731	1.4036	1.3464	2.6982
-0.2412	-3.5634	-0.1285	-1.9907	1.6108	0.6214	2.4650	2.6808	0.0016	-0.8484
-0.5770	-1.5196	1.0619	-3.1249	1.2857	1.5580	4.3693	-1.9998	-1.5738	1.6745
-0.3870	-6.4186	2.2360	-0.1288	2.4432	4.0583	1.6180	2.4341	1.6055	-3.5149
0.7974	-0.3634	1.3920	-0.2913	1.1762	-0.0842	-0.4586	0.5884	1.3020	0.5169
-3.5502	1.5625	0.4904	1.2918	-3.8804	1.6161	-6.3634	1.1038	-0.4045	-3.2633
-1.1714	1.0486	0.6951	3.1011	0.1088	-0.1862	0.5833	1.2409	-0.7022	-0.1895
0.7041	1.2658	-0.1765	2.6066	-1.9816	3.3054	-2.3957	2.5225	0.0078	-1.1990
0.1698	5.6405	0.1597	2.6481	-3.8816	1.3907	-2.5410	-1.9553	-0.8780	1.9643
-1.7328	-0.4396	-1.6142	-1.3368	0.7464	-1.9142	4.4425	1.2772	-0.3372	0.0208
-1.0385	0.2714	-1.0515	-1.2942	-0.6151	-2.7972	-0.0086	0.2877	0.0397	0.2752
-0.8297	1.3162	0.4673	-0.4942	-1.4387	-0.0842	-4.3324	-1.7928	-1.1098	1.8394
-0.4329	-1.5430	1.3216	-0.0059	-0.2787	-1.0016	0.1930	0.0120	1.8885	-1.5795
0.9110	-0.5499	-0.1915	-0.2510	2.6545	1.5045	-0.0992	1.8614	0.1402	-0.2282
0.2859	-0.2358	2.0945	0.6839	0.5445	-0.7087	-0.7660	-0.6585	-0.6797	0.6345
1.8343	-2.8227	0.4839	-1.3648	-0.1165	1.1921	-4.0262	1.8762	0.0940	-1.6329
1.1618	3.6877	-2.4163	0.5113	-0.5819	-1.8222	-0.2476	-1.3868	-2.1558	3.9233
-0.9979	-1.1260	-1.7842	-1.1256	0.2951	4.3902	0.4922	2.2839	-2.3835	-0.0161
2.7188	5.0808	-0.1662	2.7209	-5.7769	1.2005	-7.9801	0.0628	-2.5467	0.7793
0.5094	4.3520	-0.5179	1.4738	-1.1375	0.5325	-3.3965	-0.2746	0.1229	-0.1730
-0.3976	5.8885	-1.9503	-0.3706	-3.8629	-0.7026	-1.2457	-1.2432	-0.9712	1.7038
1.0849	4.2668	-1.4687	-0.0872	1.1783	-0.1180	-3.0900	0.9566	1.2614	3.0839
0.8852	-1.7206	1.4541	-1.8359	1.0982	-0.4826	2.6081	-3.1914	1.2861	2.2655
0.8688	2.7669	-1.4143	0.9151	-2.6300	1.4766	1.4812	-1.0290	-1.0992	2.8948
-1.9319	-2.2292	-0.4749	-1.5311	-1.1187	3.1517	-0.9810	3.3606	0.2444	-2.7852
0.3941	-1.2414	-0.6544	1.2610	0.2226	0.2956	-0.3609	2.5358	0.1126	-2.3402
1.3254	-2.0425	1.2411	-0.5164	-0.9414	-2.5679	-2.2097	-0.3991	-3.6538	0.3230
-1.7159	-1.0370	-0.8969	0.3398	-1.1869	1.2348	-1.0730	0.4721	1.0560	-2.1942
