X7	X3	X5	X10	X4	X2	X9	X6	X8	X1
0.0652	2.3400	0.2397	0.0670	5.2849	0.1912	1.2716	0.5902	0.4945	1.4707
-0.7084	0.0629	1.9485	0.7830	0.1550	0.1431	0.6590	4.9030	0.2240	0.0496
-0.2521	0.3872	1.8241	0.9072	0.4789	1.8490	-0.3826	2.0913	2.8754	0.1458
2.4362	0.0944	0.2579	-3.9744	-0.0765	0.6074	4.0092	0.3680	1.0288	2.8067
-0.5756	1.2421	0.7223	-0.4915	1.9782	1.0122	3.2289	1.0709	0.8777	1.3893
1.4352	0.6371	0.9059	-1.1641	-0.0265	0.1391	0.7397	1.8931	0.6157	0.0931
0.2701	0.2014	0.2935	0.0785	0.6750	2.1279	0.1877	-1.2630	1.0125	1.0796
3.6758	0.3982	0.3044	-1.4928	-0.0807	0.7143	4.3764	3.6197	0.3630	0.3051
-1.0282	1.5839	0.9040	-0.6286	-0.0973	0.8888	-0.8843	-0.4354	0.4788	1.9348
1.7266	0.7614	1.1497	-1.0546	0.7086	0.3632	2.7542	0.4208	0.4062	1.9283
-0.4895	2.5232	1.6285	1.8273	2.1339	1.6940	1.3005	-0.6706	2.3218	0.0800
-0.3842	0.5206	0.6026	1.0284	-0.0824	0.5875	1.3868	-0.1593	0.7109	1.1886
2.4900	2.8962	0.3193	-2.4159	0.0154	5.4197	1.2469	-0.3106	2.7896	1.0659
0.0559	0.3958	0.0602	-0.1543	-0.0128	0.3831	0.6390	0.6621	1.3332	2.1031
-0.1190	1.0724	0.0963	1.3596	1.5064	0.2806	-0.6481	0.6080	0.4963	0.5400
0.0747	0.0905	1.7185	1.0788	1.7938	0.0328	1.8383	2.7801	0.4661	0.2548
-0.9185	1.3200	1.5679	1.1565	0.1360	2.5649	-0.6599	-0.7345	1.8812	1.5973
0.1144	0.5548	0.0198	0.0656	0.0235	2.8806	-0.1666	-0.8991	2.0948	0.0466
-0.6032	0.8589	0.4487	-1.4162	-0.1433	0.3913	2.7794	-0.1376	0.2477	3.2440
-3.6800	4.6655	3.1723	4.3931	1.5755	0.6387	-5.2815	1.3289	0.3370	1.2575
0.1685	0.4722	0.0980	1.1033	0.2476	3.0018	0.5361	-1.9179	4.0305	0.4410
-0.8185	1.5026	0.1242	0.9224	0.5851	0.3814	-0.8798	0.9878	2.2004	2.1891
2.8487	0.0942	0.2610	-3.0945	0.2889	0.6265	2.1864	0.2625	2.0145	1.2388
-1.5156	2.5192	3.2629	0.0819	-0.6878	0.4020	-2.5185	0.4521	1.0522	2.4550
1.7798	2.6959	1.1223	-1.4934	0.1267	1.3772	1.1879	2.2695	7.5530	0.5173
-3.1459	5.9483	1.1980	2.7166	0.6463	1.3144	-4.3528	-0.2422	1.4107	0.4475
-0.2436	0.9920	0.3200	-0.0984	0.0001	0.5629	2.0457	0.2571	1.7809	0.4127
-2.4575	2.5835	3.0077	1.4811	1.2865	0.6736	-2.1801	1.2073	0.6853	0.7552
0.9591	0.5627	0.8029	-1.4941	-0.3524	1.1225	1.2097	0.2197	0.6546	1.0958
0.9196	0.4223	0.3841	1.2193	1.5749	0.5371	4.6381	-0.0300	1.5640	0.7632
-0.2661	1.4301	0.9721	0.0185	0.5148	0.6795	-0.0347	-0.0091	1.4824	0.7576
-3.4823	1.6364	6.3228	2.1657	-0.1595	0.3423	-3.2571	1.6718	0.2922	1.2464
1.4219	0.1047	0.3486	-1.3419	0.1107	0.5209	1.4771	0.4662	1.8594	1.7771
-0.3403	0.5214	0.6023	2.8456	-0.0242	0.0625	-0.5132	0.3363	1.1645	0.5384
0.2585	0.0565	0.2362	0.4558	3.6299	0.8607	0.5748	-0.2858	2.1260	0.5995
-0.1666	0.8692	0.9063	0.4449	-0.1148	0.6998	-0.5268	-0.3058	2.3634	0.4233
-0.2672	0.0325	2.4305	0.6348	0.7288	1.2914	0.0119	0.5231	1.4211	0.3219
1.2280	0.4122	1.6906	-1.6331	-0.0895	0.4632	0.7484	0.3628	1.6023	0.9485
1.3114	0.5830	0.5020	1.1089	0.3270	0.4294	1.0501	0.0734	1.7054	0.3029
0.5725	0.1111	1.7114	-2.4837	-0.9711	1.3993	0.7866	-0.6650	1.2076	4.1264
0.1198	0.5053	1.7619	-0.7270	0.1880	0.3030	1.7710	2.8224	1.4952	0.8642
-0.1174	2.3264	0.0529	0.6753	0.1484	0.3684	1.6788	1.0151	1.5621	0.9574
0.1814	0.2548	0.1091	3.1216	1.5605	0.3946	0.2026	3.0277	0.1900	0.3208
1.0637	0.3346	0.7766	-0.2595	1.4125	0.0610	1.0515	1.6411	0.1389	0.5240
1.5450	0.1231	0.9764	-2.5731	1.1325	0.5273	1.3824	1.4961	0.3623	1.9673
0.2903	0.0485	1.4814	0.1781	0.7081	1.2676	0.8811	-0.1927	2.1573	0.7377
0.8197	1.8818	1.5296	-0.6951	1.0182	0.1200	1.1450	2.7914	1.8580	0.0943
-2.6044	2.3809	4.9640	2.3362	-0.7304	1.3065	-3.0969	1.5687	0.5002	2.7586
-0.4941	0.6788	1.7559	0.5548	0.0283	0.8383	1.3603	3.5147	1.2704	0.7193
0.0185	0.7239	1.3090	-0.5693	0.2278	0.7622	-0.2108	0.3071	3.6568	1.0720
1.0172	0.3370	0.1725	-1.1308	-0.3368	2.6571	2.1013	-1.5986	1.6837	1.3866
-1.2333	2.7478	0.1687	1.1848	0.2531	0.7522	-1.1197	-0.2103	2.3950	0.7588
0.4631	0.5055	1.7644	0.8754	0.3971	1.4623	0.7976	-0.6516	1.4549	0.0178
1.0242	0.4051	2.6231	-2.5299	-0.1106	0.1039	1.2356	0.9098	3.6727	3.6833
-3.0085	5.2730	1.0816	2.4535	0.6916	0.7140	-4.1407	0.3167	0.9075	0.0920
-0.2118	0.1534	1.4193	-0.8655	-0.1948	0.7376	-0.1244	1.6996	0.4384	1.7442
0.8420	0.3582	2.0247	0.2217	0.2870	0.2816	2.0585	1.3871	0.6517	1.3062
1.1263	0.2729	1.1808	-1.2287	2.0386	0.2900	2.6023	1.1315	2.1082	1.0523
-1.0890	0.2540	2.3679	1.4097	0.2439	0.0481	1.4775	1.0488	0.2223	0.4006
-0.3060	0.2553	1.3071	-0.0781	-0.4081	0.7138	-0.2485	0.4276	2.7386	1.5490
-0.2719	1.8056	0.0890	0.1104	-1.1062	1.1017	-0.3875	-0.6226	0.5644	3.9930
-0.2998	0.5525	0.5738	-2.4578	-1.0236	0.6598	1.9713	-0.0130	0.3834	3.8980
2.4242	0.3388	0.0644	-2.0214	0.2676	1.4368	2.1712	0.0040	2.2409	0.9592
0.3906	0.3625	0.7794	-1.5703	-0.6435	1.0561	3.8284	3.2268	0.4245	1.9768
1.5528	0.0500	0.2139	-1.1754	0.3404	0.8385	1.3951	0.5506	1.7023	0.3849
-0.3548	0.6512	1.2911	-0.8421	-0.4547	3.1318	0.2946	0.3265	1.4771	1.7565
-0.4070	1.5349	0.7408	-0.1234	0.2146	2.4521	-0.9326	-1.2426	2.0021	1.4787
0.2498	0.2193	0.5423	-2.1088	0.0550	2.0914	2.9828	1.7944	1.7236	3.0980
-1.0961	0.4880	2.4404	2.0487	0.5395	1.3941	-0.0928	-0.0414	1.6081	0.7214
0.5806	0.0045	0.4289	0.0852	-0.0184	1.1088	2.3211	-0.5731	0.5744	0.1022
-0.1876	0.5533	0.1463	1.2802	-0.0742	1.5083	0.9152	-0.6357	1.6199	0.2658
-0.5726	1.7937	0.0036	0.9307	0.8303	0.4432	2.9609	0.6737	0.3842	0.2308
2.8024	0.1140	0.7815	-2.2817	1.0334	0.0071	3.0379	1.0133	0.1019	0.3408
-0.1136	0.2804	0.2413	1.0850	0.8949	0.0790	0.8990	0.4275	0.1629	0.4078
-1.3731	2.8631	2.9509	-1.9069	0.1723	1.3702	-2.5348	0.1570	0.5521	4.0673
1.6728	0.1325	0.0044	-1.3768	1.8561	1.1324	3.3122	1.3269	0.6181	0.7712
-0.5390	0.0526	1.2997	0.3538	0.2742	1.7569	3.2875	-0.5103	2.7279	0.2968
-0.4409	0.3524	0.7584	-0.0044	0.5641	0.1200	0.8960	0.4721	0.2245	1.0172
2.0468	0.2817	0.5564	-2.5293	1.0219	0.5761	3.3542	0.1656	0.2386	1.7091
-0.8206	0.4804	2.3581	0.4346	-0.2386	1.0231	-0.0084	1.1654	1.6362	1.4760
-1.3231	2.5728	1.5883	3.1681	0.7304	0.5344	-0.8700	0.6497	1.4954	1.0701
0.9032	0.6760	0.0471	0.2526	-0.1005	1.7382	1.2495	0.1339	1.7079	1.9943
-0.7377	2.9999	1.4886	-0.1424	0.7211	1.5571	-1.3148	-0.2904	1.1129	1.2319
-0.7035	0.7104	1.4895	0.6923	4.1874	0.5195	-0.5919	0.0819	0.3742	1.1132
-0.4902	0.0093	1.4239	0.8167	1.2214	1.0334	2.5197	1.0043	3.1253	0.2942
-0.0462	0.2446	0.0282	-1.6361	2.3382	0.7643	-0.1123	-0.1430	0.4488	2.2281
1.1255	0.0492	1.5390	-5.2694	-0.7658	1.5101	1.4315	0.8259	1.2939	6.1129
0.0078	0.0796	0.2265	-0.7730	0.2099	2.1679	0.7464	-0.8269	1.4277	1.3659
0.2720	0.5297	0.7055	0.4324	0.1948	1.8135	1.4647	-0.4335	2.0328	0.4862
-1.5259	2.6894	0.6481	2.0744	2.1183	3.3285	-0.8412	-0.6800	2.4001	0.2033
-1.5355	1.2784	2.1676	1.4993	-0.3147	0.4383	0.2634	2.3341	0.4734	1.0214
2.6562	0.6884	0.0233	-1.8135	0.2998	0.4308	1.7392	0.3721	0.8597	1.7890
0.0346	0.4390	0.2275	-0.7709	0.2853	2.4510	0.2329	-0.7155	2.2287	1.2120
0.3029	0.2811	0.5980	-0.1458	0.6801	0.7352	0.6757	-0.2377	0.6086	0.0615
-0.2821	0.1308	1.8987	-1.9203	-0.8482	0.7064	0.3633	1.5744	1.8986	3.0553
2.2110	0.0358	0.2565	-2.3825	-0.2931	0.6942	1.8590	-0.0391	0.4144	0.9130
-0.5604	1.3130	0.3791	-0.6252	0.0652	0.0864	-0.7056	0.1570	0.2218	1.6620
2.3933	1.0433	0.6489	-0.4369	0.2680	0.4178	1.6318	-0.1153	0.4383	0.0070
-0.6168	2.4604	0.6550	-1.1668	0.0640	1.2304	-1.0938	1.7540	0.6209	2.5005
1.7466	0.1261	0.8547	-1.0605	0.4427	0.4590	3.9801	1.2844	1.7124	0.3239
-1.4606	1.9769	2.5159	0.8630	-0.5254	2.5428	-0.3919	-0.6487	1.6587	2.0637
-0.6658	0.9830	1.9536	1.3579	-0.0464	1.0518	-1.0074	0.3652	1.3851	0.1637
-0.2843	0.1835	1.7636	0.3477	-0.3202	1.0800	-0.1158	-0.1779	4.1096	1.5034
-1.6264	2.8194	1.3705	1.7217	1.1548	0.4055	-1.3424	0.9702	0.9491	0.0283
0.8255	0.1118	0.8261	-0.8533	-0.1941	2.2910	2.5389	-0.7961	2.2002	0.8892
-0.4750	0.5726	0.7840	3.6584	0.2836	1.8387	2.4342	-1.0817	4.4702	0.9008
-0.2239	2.4210	0.7155	0.2695	-0.1623	0.7917	-0.9601	0.5240	1.1737	1.3302
1.7345	0.5911	0.3198	-1.9928	0.3948	1.0703	2.1612	-0.3841	0.4572	1.1150
-0.4290	0.3719	1.8308	3.0226	4.1067	0.0574	-0.0050	2.6143	0.3197	0.0986
0.4643	0.2523	1.1553	-0.3588	0.5747	1.0213	0.3502	3.0101	1.2730	1.1328
0.6902	1.1652	1.0430	-3.0775	-0.0155	0.1677	0.6242	0.0741	2.2754	3.5690
1.1577	0.1698	0.3377	-1.1839	0.5594	1.1385	1.2363	0.3883	1.2201	0.8984
0.3770	0.0053	0.5072	-0.5954	-0.0803	0.4010	0.6433	-0.1073	0.5027	1.1416
1.3945	0.0839	1.1089	-0.0542	4.3947	0.7072	1.0710	-0.0839	0.6898	1.0930
-0.7663	0.1046	2.4229	0.9323	-0.2152	0.3887	-0.4734	0.1305	0.2698	0.8234
-1.4479	1.6040	1.9566	-0.0867	-0.3258	0.1819	-1.8821	0.3958	0.1471	1.7805
-2.4678	3.6752	1.5346	4.3128	0.5924	0.2618	-2.7983	1.0902	0.1967	0.3746
-0.5731	1.1874	0.3852	0.8238	0.0292	0.9190	0.6729	-0.3996	0.6168	0.2044
-0.1991	1.5010	0.2926	0.3117	1.3507	0.4344	0.0734	2.2538	3.4090	0.9417
0.9763	0.1134	0.5672	-0.6057	0.3580	0.1686	1.4232	-0.0117	0.0679	0.5336
-0.1895	0.9207	1.0307	1.8238	0.2582	0.3064	2.4393	0.1264	1.2246	0.2718
-1.3111	0.4298	3.0952	1.8605	0.2724	2.4134	-0.0032	-0.7622	2.5409	0.2200
-0.0548	0.8777	0.0030	1.3812	-0.3248	2.5256	2.4537	-1.1441	1.0883	2.0383
-0.2760	0.8978	0.4842	1.9618	1.4036	1.9094	0.5682	-1.1337	1.1103	0.3591
-0.3092	1.1242	1.0595	-0.6472	1.4335	0.8480	-0.6532	0.9573	0.5608	2.6704
-0.9131	1.3283	0.5886	1.6766	1.3194	0.2526	0.8218	0.2325	0.2309	0.7795
1.1987	1.2256	0.1245	1.1621	2.3484	0.7879	7.0056	-0.3420	0.5732	1.6211
-0.8619	0.0576	2.0052	1.4332	0.0682	1.7000	0.0125	-0.5843	1.7170	0.1635
2.4626	0.5585	0.3566	1.5541	1.3595	3.0888	3.7928	0.9722	1.5114	0.3977
-0.2392	0.7167	0.5497	-0.0288	0.1297	0.9820	-0.5474	2.3935	0.6574	0.3347
-0.1412	0.0150	0.5007	-0.3907	0.6216	3.1367	1.1866	0.1562	1.5426	0.8533
-0.1864	0.5154	0.8420	1.1457	0.2884	0.0989	-0.3190	1.2864	0.3176	1.8840
1.1850	1.5333	0.0765	-0.3250	0.4650	2.2147	0.9709	1.1166	3.3893	0.3523
1.8487	3.3050	0.4692	-0.8415	0.9989	1.1330	0.2345	2.3343	2.0705	0.8509
0.3029	0.2176	0.0690	-0.1368	0.9397	0.3200	2.6222	1.1258	1.8725	0.4216
-0.4243	1.6900	1.3959	-2.6146	-1.4934	1.3942	-0.7700	1.6494	2.1236	4.8924
-1.2604	2.4495	0.4422	1.1323	0.3311	0.7318	-0.0842	-0.1836	0.6536	0.8556
-0.2253	1.5596	0.9154	0.3834	2.2388	0.2515	-1.0227	2.8698	0.6387	0.0702
-0.0879	0.7878	0.0683	-0.0324	-0.0463	0.9848	-0.4260	-0.3094	1.1217	0.1688
1.0174	1.5215	0.4937	0.6756	-0.4119	1.7685	0.3000	-0.8357	1.1591	1.2573
0.0688	0.2150	0.6034	0.8638	0.9269	3.4648	2.6952	-2.0969	2.2292	0.1213
0.0479	0.3668	0.4814	0.3698	-0.0971	0.6766	-0.1014	5.4375	2.3538	0.3139
-0.3321	0.0055	2.2713	-1.2058	0.8431	0.4604	1.8284	0.0082	0.4209	3.2106
-1.2553	2.0961	0.8255	0.9972	0.2224	0.9316	-0.3675	0.0736	3.6885	0.0843
-0.2947	0.7251	0.2732	0.5593	-0.0874	0.4913	0.3265	0.9820	0.6006	0.5222
-0.6277	2.3562	0.0859	-2.1160	-1.0733	3.4960	-0.0874	-2.1712	3.4181	3.5438
0.4097	0.1672	0.2355	-0.6754	-0.1239	0.3875	0.3723	0.2178	1.6739	0.5703
-0.2248	2.6999	0.9376	-0.3252	1.0940	1.7008	-1.5571	-0.1526	1.3387	0.9013
-1.2885	2.5586	1.0117	-0.0791	0.3059	0.2227	-1.8641	0.3415	0.3530	1.5101
-0.0389	0.5738	0.1240	0.7173	1.8573	0.3849	-0.1402	0.8703	1.1001	1.2057
0.0025	0.5918	0.4356	0.8548	0.6354	0.5387	0.0516	3.5639	1.8705	0.5045
0.4625	0.2970	0.1260	1.6604	0.8306	0.5021	0.2439	2.8063	1.7109	0.1706
0.7040	0.1017	0.0655	0.0751	0.7956	0.1750	0.6101	0.1670	0.6818	0.0433
5.8562	0.0262	0.4088	-5.1185	1.1583	0.2360	6.6102	-0.1063	4.8898	0.9539
1.2748	0.4017	0.8273	1.5659	1.8771	0.5412	0.7504	0.9431	0.3729	0.4382
0.8438	0.9354	0.5763	0.8746	2.5815	1.3521	2.2375	1.7795	2.8840	0.5219
1.1995	1.4042	0.2326	-2.5477	-0.6904	0.2984	2.1727	0.0453	0.3659	2.1507
0.6135	0.6867	0.6373	0.1305	-0.0983	0.9247	0.1721	-0.3320	0.4143	0.7994
-0.3594	0.8950	0.2503	-2.4719	0.4273	1.5626	0.4150	-0.1603	0.6653	4.7164
0.5253	0.2516	0.6034	0.2364	0.7231	0.3188	0.6294	-0.0697	0.7767	0.7061
0.2866	0.0713	0.1486	0.2767	0.3918	0.7913	1.5968	0.5518	0.4400	0.8041
1.0173	1.1344	0.1961	-0.7709	1.0782	2.6612	0.8188	1.0252	1.3227	1.2852
3.1151	1.9370	0.8374	-1.8992	0.2528	0.2042	2.7869	0.0358	6.0209	1.0367
-0.7848	3.1088	0.1334	2.9702	0.8757	0.5695	-1.3092	2.7258	0.8459	2.3397
-1.5187	2.5954	0.5471	1.9230	0.6731	0.2904	-1.8024	0.9598	1.5525	0.7176
0.1809	3.1312	0.5551	-0.3635	0.2452	0.1366	-1.3045	0.2748	0.1236	0.6565
-0.4444	0.6581	2.2121	1.4497	-0.1904	0.6261	-0.3485	2.2767	0.8333	0.5887
2.2954	0.0466	0.7988	-0.6556	0.0356	0.1669	6.5397	0.1338	3.8754	0.7208
-0.5876	1.2547	0.2896	0.6262	-0.0195	1.0241	1.1830	1.0463	0.4053	0.2953
1.5067	0.7535	0.2034	-0.5897	-0.5511	0.9018	3.4230	-0.3714	1.8407	2.0052
-0.2672	2.6228	0.2242	1.0165	1.6433	0.6630	2.4903	0.9601	1.1076	1.0741
-0.0108	0.0609	1.2029	-0.6998	0.5535	0.8781	0.4398	-0.2856	0.6848	1.1478
0.4274	0.1164	0.9868	-2.2473	-0.8684	0.0123	0.6983	0.4158	0.5396	2.8181
0.0077	0.1577	0.1363	0.1814	1.0937	4.0252	0.1168	-2.4206	1.9995	0.0823
-1.2186	1.1342	1.9398	1.9811	1.5678	0.5696	-1.0707	1.0357	0.5729	0.1722
-0.1463	0.1401	0.2174	1.9055	4.4700	0.1988	0.8776	1.0459	0.3846	0.9123
-2.7886	6.5127	0.3300	2.1062	3.3788	1.7126	-5.7990	0.3637	0.9598	0.5216
-0.2727	0.7530	3.0478	1.6222	-0.0659	0.7745	-0.5432	5.9613	2.5184	0.2858
2.5866	0.2649	0.1454	-1.5919	0.9007	1.1732	1.9043	1.7067	0.6165	1.3260
3.6687	0.2909	0.6611	-2.7729	1.4579	0.2006	2.4991	-0.0189	1.7500	0.1319
-0.0769	0.4806	2.7917	-0.0816	1.6554	1.3327	1.4462	0.8571	0.7233	0.2720
0.1159	0.3229	0.8260	-0.1380	0.4999	0.8194	2.0964	0.0216	2.5861	0.1183
-0.8781	0.4453	2.5469	2.4909	0.3300	0.8950	3.6038	0.0141	1.0690	0.3342
-0.3958	0.1209	0.9662	-4.3255	-1.1352	0.1392	0.7252	0.0900	0.4994	7.2967
-2.0376	3.6159	1.0083	2.6443	0.6871	0.3742	-2.2599	1.0337	1.1514	1.2195
0.4043	1.9494	0.4419	0.4004	-0.0736	0.0101	-0.0835	0.1055	0.7074	1.5780
-0.9688	0.2600	2.4967	0.4513	0.8195	0.1112	-0.2685	0.3416	0.1201	0.6080
-0.1199	0.7453	1.0254	0.0676	0.3066	3.3477	0.1719	-1.8949	2.5579	0.3076
-0.0928	2.3577	1.9578	0.1392	1.7356	0.1855	-0.8863	0.4435	0.5734	1.4329
0.9204	0.5991	1.4064	1.7810	1.6820	2.1586	3.2662	-0.1227	1.5242	0.6679
0.7232	0.1065	0.0343	-2.0963	0.7989	0.0747	1.0508	1.2082	2.8598	3.4729
-0.1333	0.2356	0.2551	0.6782	0.3868	4.1817	-0.0614	-0.4126	1.8905	1.4591
0.0860	0.6642	0.1894	3.9195	0.4102	2.3656	-0.0261	-1.0700	2.7256	0.5579
-0.8634	0.3408	2.5190	0.6811	0.8431	0.4119	-0.1526	0.0518	0.4362	0.8522
-0.5866	2.1044	0.1688	0.8773	-0.3427	0.8973	-1.1618	-0.4417	0.6668	1.2432
2.6703	0.7718	0.9160	-2.3296	0.2663	0.5072	1.8683	0.8826	0.7301	0.1903
-0.3716	0.1162	3.3250	-0.4480	2.0113	0.1750	0.4164	0.6406	1.8945	1.0219
0.0474	0.0561	0.6147	0.0621	0.1739	0.4602	0.1111	2.3970	0.6952	0.5018
-0.2300	1.0679	0.2092	-2.3322	-1.2805	0.0863	-0.1141	1.3508	3.2321	3.9705
-1.1878	1.0669	1.7722	1.1857	0.0279	0.5428	0.6305	0.3927	1.3317	0.3167
0.4669	0.4126	0.1301	0.8893	3.4578	0.0336	1.2479	0.4802	1.7350	0.1883
-0.4055	1.1643	0.4071	1.1958	0.8176	0.9680	-0.0022	0.9357	0.8446	1.0126
0.5607	0.7640	0.6846	-0.2104	1.0581	0.3428	0.5113	0.6401	1.8117	0.1236
0.0084	0.1572	3.0579	-0.5654	0.0434	3.8805	0.1043	-0.2921	3.1785	1.1268
-0.8530	1.0659	1.5264	3.2292	0.7648	0.2958	0.3620	1.4481	1.7371	0.0418
1.0704	0.5861	0.5645	0.1312	0.4737	0.7659	1.1202	1.2772	0.4696	0.4204
-2.4873	1.6542	4.0102	2.3407	0.6646	1.5138	-2.4953	0.0683	1.9617	1.6073
0.5891	2.6582	0.4313	3.2521	0.9549	0.0866	-0.7644	0.2558	0.0882	0.7516
-1.8424	2.9484	2.0213	1.4465	0.1110	0.1507	-2.7288	1.7145	1.8573	0.4547
-1.4521	0.0737	3.9590	1.6562	1.9048	0.1744	-0.2162	1.1413	0.4310	1.5274
1.6560	0.3291	0.0533	0.0928	0.2112	1.0948	1.0501	-0.2539	1.5154	1.1527
-0.0490	1.1461	1.2380	1.1577	0.7477	0.2489	1.4822	0.0220	1.0736	0.0823
-0.0937	0.0876	0.6595	-2.8690	-1.2613	0.0217	3.6354	2.8120	0.4971	4.9371
-0.1630	0.4547	0.5533	0.0136	1.2307	0.7440	1.8485	-0.3262	0.6144	2.0322
-0.0922	0.3887	0.1306	-0.0675	0.1458	0.7103	-0.0072	-0.1789	1.0821	0.7177
-0.0879	0.6420	0.0285	0.6111	2.9882	0.0164	1.2814	3.8286	0.2104	1.7401
4.6452	0.0576	0.4138	-1.8687	0.3681	0.3906	3.5344	0.3533	1.1771	0.4231
1.8641	0.8673	0.0961	0.8431	0.7699	0.3088	1.1515	-0.1002	0.4766	1.2166
0.1628	0.7315	0.1055	0.5451	0.1739	1.8563	0.5003	-0.6030	1.4590	0.2023
-0.8900	2.0523	0.3135	-0.2245	0.0199	0.3873	-0.8522	1.5634	0.5113	2.1364
-0.1918	0.3479	1.0199	-0.0022	-0.1681	0.9162	-0.3103	-0.3837	1.8592	0.6099
0.3277	0.3203	1.8148	-0.3804	1.2162	0.2343	0.9645	1.1485	1.5476	0.2724
2.2812	1.5447	2.3825	0.3200	0.4554	0.4178	2.7058	3.0256	0.1825	0.1634
-0.9465	1.3471	0.6499	0.8134	0.4064	4.8460	1.7151	-2.3180	2.5176	1.3112
-0.0980	0.0670	0.2788	-0.0695	3.0599	0.3551	1.3516	0.7805	0.6133	0.4358
5.0250	0.0573	2.0281	-3.1646	2.5801	0.0758	5.4325	3.6590	0.3281	0.2964
-1.3154	2.6365	0.5218	2.5160	3.8379	1.5204	-2.4145	1.3794	1.1544	0.2979
-1.1074	2.1277	1.3638	1.9351	2.3831	1.4185	-1.4287	-0.7316	0.8572	0.5367
-0.1650	0.1375	0.4725	-0.0418	-0.3302	0.4987	1.6854	-0.1100	0.7920	1.0785
0.8333	0.0033	0.2484	-1.4210	-0.0857	0.9323	0.7660	1.4506	1.9461	1.5667
2.1095	0.8846	0.3318	-0.2680	0.0755	1.7331	1.8738	1.0341	0.9028	0.6777
-1.2859	2.0075	0.5652	1.2664	1.6827	0.6514	-1.7479	-0.2869	0.2698	0.0074
0.6797	0.1437	0.0790	0.1638	0.5923	0.2292	1.6679	0.6088	0.3271	0.0149
0.0449	0.6254	1.2428	-0.3130	0.6647	0.8364	1.1114	0.2201	0.6441	2.1503
1.3314	0.6474	0.4553	-1.2472	0.0216	0.5858	1.3235	-0.2568	1.3326	0.8246
0.2337	0.9145	0.3412	-0.6723	2.2173	0.1514	1.4807	2.5917	0.2658	0.9428
2.7582	0.8263	1.2868	-3.9870	-0.9470	1.4428	2.2381	0.3953	0.6323	3.5665
0.5268	0.0409	0.0047	-0.8286	-0.2525	1.8838	1.4352	-1.1669	1.1964	1.1504
0.0851	1.5823	0.8693	0.1475	3.7446	0.0014	-0.3856	0.2290	2.9646	1.0859
-0.8077	0.6952	1.4297	0.9288	0.2745	0.2624	-0.9373	0.1012	1.7965	0.4748
-0.4957	1.0765	1.1156	0.1738	0.0276	0.1869	1.4592	1.5658	1.3812	0.4265
-0.6279	0.6865	0.6558	-1.5875	3.2954	0.1904	1.9247	0.3873	0.1368	3.0516
0.1548	0.0972	0.7305	0.4719	1.2342	0.3109	0.3689	1.4174	1.0901	0.1156
0.1593	0.1432	0.1188	0.4609	1.3494	1.0104	0.4451	0.6584	1.4350	0.7142
-2.0132	1.4016	3.7820	1.7068	0.5180	0.6136	-1.9108	0.8766	0.6638	1.2493
-0.1637	0.9178	0.4275	1.6351	0.0911	0.0456	-0.1354	0.9224	0.1979	0.0563
-0.8996	1.5405	1.2082	1.6709	1.3394	0.0698	-0.7662	0.2724	2.1074	0.1900
2.7369	0.0905	0.7260	-1.6091	0.4228	0.9109	2.1350	0.0230	0.3844	0.1478
-0.4869	0.8185	0.7936	1.8416	1.4961	0.2502	-0.6786	0.6109	1.1907	0.0117
1.0953	0.3945	0.1043	-1.2046	-0.1860	0.0814	1.3221	0.3516	0.2344	0.8105
-0.2360	0.0498	2.7982	0.3007	1.6509	0.1743	0.4284	1.3196	1.1210	0.2273
-0.6393	1.3553	0.1296	2.1887	1.2159	0.0206	-0.5760	1.1481	0.3476	2.3747
1.3943	0.2618	0.7201	-0.5581	0.3820	1.3019	1.9307	1.9295	1.5447	0.0289
-0.7455	2.1914	0.2819	0.6423	0.1253	0.1462	-0.8949	3.6299	1.1998	3.5203
-1.0170	1.0242	2.6437	2.2865	-0.2896	0.5074	-1.2679	0.9599	0.4271	1.3110
-0.6564	0.9154	0.8466	1.8598	2.0361	1.3329	-0.9805	0.0037	0.5528	0.7489
-0.6290	1.5592	0.0353	1.8002	-0.1439	3.0345	-1.3211	-1.3926	2.1387	1.1887
0.8175	0.4296	0.1279	-1.4614	-0.2078	2.1639	3.7238	-1.0641	1.7626	2.1826
0.4071	1.2450	0.0358	-0.2934	0.1789	0.8692	2.2941	-0.2175	0.3281	0.9074
-1.3056	4.3205	0.7904	-0.1948	-0.6095	2.5001	-1.9692	-0.8652	3.3519	3.8618
-1.2297	1.3308	1.6577	2.1713	-0.1139	0.4643	-0.8924	0.8719	0.5319	0.3621
0.3201	0.3486	1.2754	0.1828	1.4172	3.9405	5.7908	-2.0388	4.6951	0.2504
2.0128	0.2225	0.0439	-1.9617	0.6555	0.4337	1.3391	0.3011	0.7405	1.0631
0.7760	0.0018	1.5671	-0.8201	0.6268	2.4078	1.1681	-0.3537	4.1638	0.7736
-0.0733	0.5251	0.2513	1.1922	-0.0910	0.0712	-0.2075	0.7430	0.2036	1.4696
0.0306	0.1733	0.7737	-0.2041	0.6721	0.0055	1.5154	0.3454	0.1618	1.1464
0.1925	0.4546	0.1073	-0.5662	0.5375	6.3343	0.9319	-2.0695	2.4858	0.9762
0.6665	1.1026	0.8415	-0.6097	2.9959	1.2762	1.0906	0.4936	0.6393	0.1429
1.4989	0.7532	0.7033	-2.2364	-0.3209	1.0185	0.7636	-0.3773	1.3022	1.7263
-0.4946	0.2995	1.0321	-3.0454	-1.0998	1.2022	1.4412	-0.0871	0.8670	4.8069
-0.7098	2.7002	2.2763	-3.3675	-0.2587	1.5842	-0.0887	1.5201	0.6868	5.2242
0.0747	0.5861	0.8134	-0.2722	3.3896	0.8745	-0.0588	2.2500	1.5366	1.0234
-0.1310	0.0417	1.3791	-0.1574	1.5142	0.7693	-0.0079	0.7699	0.8819	1.5087
1.5203	1.6511	0.0349	-0.8115	-0.0069	0.7057	0.8434	-0.1028	0.8829	0.9936
0.6995	0.4510	3.0942	-0.7678	0.9384	1.2753	1.1442	1.3018	0.9525	0.4154
-0.6383	0.0179	2.1729	-0.7017	0.2746	1.5063	0.7924	1.4588	1.1295	2.7241
-0.2589	1.0826	2.0239	-0.1595	0.8488	0.7352	1.7734	0.1991	1.2875	1.2069
-0.3208	1.5110	0.7296	-0.0621	0.6793	0.4998	-0.9384	0.2086	0.9615	0.6681
-0.6054	0.3709	1.7611	0.3081	2.4716	0.3741	-0.4325	0.6119	0.2913	0.8040
-0.8981	0.6640	1.6169	2.0124	3.3324	2.9585	-0.8846	-1.3820	3.2106	0.1524
-0.0935	1.0100	0.0442	-1.6126	-0.4353	0.9805	-0.4073	-0.5649	3.2691	2.4774
-0.5434	0.1392	1.8056	0.4884	3.5753	2.2850	0.5464	-1.0276	2.9241	0.6036
0.3582	1.2864	0.4739	0.0234	2.7416	1.6999	-0.3688	-0.6037	2.2190	0.0456
-1.4002	2.8377	1.4360	4.0820	1.7288	0.1250	-0.9650	0.6068	2.6837	0.7302
0.4106	0.4148	0.1780	1.4957	0.2518	1.1192	0.8763	0.6667	1.0836	1.3708
1.0711	0.6124	0.0106	-0.7225	1.4051	2.4686	0.5643	-0.3352	1.2609	0.1621
0.0875	0.7415	0.9813	0.5953	0.7942	0.3945	-0.2022	2.4917	0.7646	0.4362
-0.4018	0.6662	1.0079	-0.8215	0.8697	0.0255	-0.6471	1.2690	0.1594	1.5257
-1.6960	4.4760	0.5909	3.0775	0.6162	0.9573	-2.3742	-0.4702	2.7144	0.9515
0.6845	0.9744	0.0678	-0.1792	1.6586	0.4352	0.2642	0.3912	0.6752	0.0168
1.0707	0.2661	0.0195	-0.4908	0.2993	0.2528	2.0924	0.4953	1.0687	0.1207
-2.9828	4.6169	1.2525	1.5661	-0.3610	1.1822	-2.2551	0.0382	0.6046	1.9926
-0.1610	1.4042	0.3257	-0.0019	2.4319	0.1155	-0.1149	0.7374	0.4355	0.5000
-0.9482	1.5010	0.6803	0.6085	-0.1306	0.3099	0.4999	2.0877	2.8272	0.6734
-0.6382	0.3329	1.1004	-0.3275	0.0395	1.0600	1.2026	0.1914	0.8318	1.6040
0.8224	0.4579	0.5804	-0.6730	2.1753	0.2568	1.2174	2.5529	2.5746	0.1212
-0.3463	1.4890	0.0270	-0.0735	1.1538	0.2107	-0.0973	1.0952	0.7639	0.5913
0.4372	0.6296	0.4717	0.1994	-0.0612	0.1235	0.6597	1.3191	0.7047	0.2114
0.5756	1.3456	0.2790	-0.1203	0.1314	1.3459	2.4307	-0.0519	2.3791	0.9062
-1.3540	3.7686	0.2351	-0.1259	-0.1690	0.3286	-3.0054	1.2365	0.2291	1.6642
-0.0080	0.3876	0.0074	0.6004	0.3023	0.4097	-0.0322	0.1025	1.0895	0.1897
3.1388	0.3510	0.7249	-0.1824	0.4942	0.8455	2.9808	-0.2755	1.5936	0.3465
-0.1989	0.1883	2.3021	-0.0201	6.4014	0.4864	1.9193	0.1160	1.9118	1.0329
0.3750	0.7794	0.8732	-1.6252	-0.6438	0.3954	0.0063	0.4927	0.7910	2.8438
0.3370	0.2407	1.1983	-0.4919	2.7360	0.9270	1.8744	-0.1275	0.5057	0.5222
-0.1385	0.3833	0.0972	-1.2561	-0.0612	0.2586	-0.3043	1.9250	0.7266	2.1654
2.5908	0.1336	1.1130	-0.1743	0.2325	0.5029	1.8976	1.9393	0.7466	0.8976
1.7249	0.5866	0.4008	-1.6268	-0.3173	0.7411	2.7571	1.2486	0.4961	1.0827
-1.0959	0.5658	1.9902	1.8421	0.9885	0.3499	-0.3366	0.8616	2.3707	0.2598
0.0084	1.8065	0.8394	-0.0942	0.0654	3.1617	0.7893	-1.6669	1.1938	0.1679
-0.2920	0.2130	0.5989	1.1966	0.6440	0.0814	0.2304	2.3696	0.6376	0.4311
-1.3118	0.6701	2.3373	1.5393	2.3781	0.2887	0.7087	2.6190	0.6254	0.5014
1.4622	0.3468	0.0665	-0.4258	0.2674	1.4014	1.7356	0.5235	3.2674	0.4896
0.1497	0.2298	1.1882	-0.7506	0.6304	0.3168	0.3112	1.0750	0.6848	2.4838
0.4839	0.0931	0.5197	-0.4594	1.2434	0.6969	1.0157	0.2949	1.3560	0.2507
1.5947	1.6663	0.4484	1.2669	0.5568	0.5767	0.6072	2.7779	1.2505	1.0013
1.1820	0.1611	0.1786	-2.7582	0.4441	0.3884	2.7699	0.1925	0.1589	3.0333
-0.5311	0.1352	1.1296	1.3310	0.8283	0.1672	1.1311	0.1126	0.7317	0.1860
-0.6152	1.8032	0.0559	1.2104	2.0749	0.4393	-0.0720	1.7748	8.6210	0.2553
-0.5076	2.1743	1.1496	-1.1615	0.1751	0.7576	-1.4641	0.7242	0.8560	2.3456
0.9546	1.2751	0.9153	-0.8460	2.8713	0.1316	1.0498	0.2089	1.2454	0.2688
-1.0593	1.5894	0.5873	2.1384	2.0948	0.6931	-0.4193	1.4948	0.6540	0.1734
1.1003	0.1735	1.6058	-1.8217	-0.6589	0.6229	0.7595	-0.1622	1.8244	2.3686
-1.6806	0.1936	3.7933	2.4582	0.2048	1.4270	-0.1973	1.4991	1.0146	0.3759
1.0806	0.0308	0.5311	-0.6050	0.5118	2.0669	1.7037	0.0976	1.5455	0.0188
-0.0633	0.1221	0.6909	0.6108	2.9964	2.8193	0.4150	-0.3224	1.0616	1.5098
1.8342	0.3430	0.3635	-2.4401	-0.3745	0.6051	3.1283	2.1957	0.3361	1.3455
1.4715	0.5199	0.3474	-0.8709	0.8479	0.5346	0.7666	0.3869	0.2091	0.4846
-0.4962	0.6741	1.4659	-0.5863	1.7402	0.9925	-0.7346	0.7588	2.2121	3.0169
2.4292	1.4306	0.0200	-2.2814	1.7052	1.7663	0.9529	-0.4104	1.8853	0.4084
0.1325	0.4228	0.4704	-0.0851	2.6967	3.2250	0.0264	-1.8385	1.8226	0.2550
0.3320	0.9175	0.2104	-1.5259	0.7996	1.1114	0.0968	-0.3893	0.9027	1.9647
-1.5719	2.5695	0.4784	2.2337	0.6223	0.7435	-0.5341	1.9175	0.3215	0.7135
0.6696	1.4931	1.0711	-0.4199	1.5514	0.9119	0.7736	-0.3873	0.3834	0.3333
-0.8762	0.0636	2.4624	0.1137	0.6998	1.4485	-0.0760	0.3066	2.6167	1.8201
-0.7404	1.0770	0.4054	0.6350	1.4365	1.1145	-0.0469	1.5882	0.5550	1.0320
-0.4105	1.4105	0.2823	0.4981	0.0090	0.2649	-0.4243	0.9478	2.5205	0.1832
1.4253	0.5929	0.1916	-1.6165	1.0233	0.4687	0.9197	0.0260	1.2521	0.6350
0.3089	0.3527	0.9028	-0.1904	0.7989	0.0356	2.9384	0.9265	0.0974	0.1693
-0.4772	0.2573	1.0387	1.0272	0.4462	0.4694	1.7724	1.2427	0.4028	0.0880
-0.9756	1.0658	1.3972	1.0718	2.1977	0.9339	-0.8547	-0.4036	2.3002	0.0572
0.7364	0.6849	1.0978	0.1177	0.4540	1.0393	0.4207	1.1527	3.9647	0.4534
-0.9996	2.4228	0.9957	0.6464	-0.1190	1.5297	-1.7258	0.1658	0.7947	0.6394
0.1251	0.1796	0.3689	0.5034	0.7295	0.0285	0.5409	0.2324	0.1950	0.0277
-2.7614	3.5633	2.3857	2.8647	0.2319	0.0857	-2.6416	0.2191	1.6564	0.0324
0.2339	0.2470	0.0050	-0.1697	0.4289	1.9037	0.6698	0.4571	2.1762	0.2909
2.4232	2.1397	0.0106	-2.6616	-0.5621	0.9467	3.0087	1.5415	0.7186	2.4430
0.3738	0.2690	0.0921	0.8692	-0.0214	1.3751	0.7633	0.3191	0.7424	0.2867
0.0540	3.0395	0.8651	-0.7471	1.6926	0.1764	0.9055	1.3153	1.7880	1.0851
-0.2547	0.0796	0.9601	-4.1689	-2.0856	0.8043	-0.1638	1.4160	1.5542	6.4232
0.5083	1.2479	1.2375	0.8571	0.0593	1.2427	-0.2704	-0.0008	0.6955	0.2794
1.8772	2.0907	0.2938	-1.4782	2.5672	0.6887	1.5364	1.8377	2.2378	2.1974
-0.8935	0.1174	3.0894	0.8217	0.1520	0.2426	-0.1438	0.9009	0.2185	0.7079
-1.5959	1.4357	2.1020	5.3037	3.6958	2.6960	-1.4671	-1.0203	2.8687	0.3343
-0.7477	1.0171	2.5655	1.5436	0.3188	2.8014	0.2150	-1.2304	1.0837	0.1545
0.1024	1.3808	0.2950	0.6532	1.7281	0.2095	-0.1992	1.1026	0.2965	0.5667
0.4848	0.1400	0.2054	-1.2189	-0.6097	0.8428	3.7744	0.3689	1.4100	2.1212
-1.4565	1.0487	4.5783	1.4292	1.0648	2.0334	-1.0984	3.6334	1.0594	0.5944
-0.3869	0.3891	0.6516	0.7938	0.0298	4.6185	-0.4186	-2.8754	4.4329	0.0393
-0.2331	1.1398	0.3104	0.8058	2.5057	3.5135	0.0221	-1.7881	4.1515	0.0928
0.1344	0.5320	0.1539	0.0556	-0.2229	0.0202	0.9877	0.1613	2.2491	0.7315
1.0793	1.3215	1.3230	-2.8226	0.1194	1.6301	3.0263	-0.2411	0.7092	2.9506
2.5531	0.6160	0.0764	-1.8411	-0.0946	0.0954	1.5260	0.0938	0.7649	1.1576
-0.6327	1.3657	0.9002	0.9594	0.9871	0.2811	-1.1920	1.0398	3.4544	0.3148
0.9824	0.5818	0.5433	0.1423	1.7284	0.2585	2.2596	0.1711	1.1072	0.5829
-1.8568	0.1996	7.0659	5.2071	0.7693	1.2788	-1.1795	0.4298	0.6050	0.6840
0.2038	0.2018	0.4611	-0.5725	0.5053	0.4606	2.6508	0.0776	1.9266	0.5953
0.0937	0.0054	0.8052	-0.7719	-0.2785	0.3902	0.8944	1.0471	1.7204	1.5179
-0.3645	0.2030	1.4914	1.8117	0.0132	0.1846	0.7000	2.3591	1.8462	0.4944
-0.4769	0.5078	2.8660	0.2733	1.3935	0.4712	0.2990	0.2603	0.4034	0.6538
0.1624	0.2047	0.0016	0.2201	1.3926	2.4057	0.1159	-0.0140	0.9381	0.7362
-0.3399	1.6091	0.5415	0.5752	-0.0798	0.6336	0.0912	1.2453	1.1541	0.5687
-0.3205	1.1325	1.1747	0.8362	0.7320	2.6493	-0.4984	-0.8324	3.1355	0.0748
-1.7433	3.7131	0.2052	1.1461	0.2750	3.5671	-3.1885	-1.7451	3.6644	0.5579
-0.0529	1.8360	0.4324	-0.2024	-0.2494	1.0982	-0.7910	0.8221	1.3104	0.9382
0.3167	0.9292	0.0062	0.9197	1.5732	1.7237	0.9569	1.0015	7.4402	0.0019
1.3542	0.4499	3.1968	-0.3582	-0.0865	2.8189	2.2923	-1.4431	1.0651	0.3869
-1.4484	1.6165	3.0550	0.9055	-0.0734	0.3792	0.0717	1.6033	0.8476	0.4185
1.3793	0.1497	1.0190	-3.3130	0.3716	0.5258	1.5139	-0.0122	3.8336	2.9811
-3.7769	8.4755	0.3950	4.2522	-0.2133	1.7541	-6.8391	-1.0214	0.6615	1.4984
0.9879	0.9448	0.8587	0.0423	-0.1045	0.6806	1.1053	0.2897	0.5803	0.5822
-0.0573	0.3643	0.4283	-0.9512	1.1547	0.1864	-0.1051	0.8191	3.0291	1.4439
-0.7147	1.2581	0.9779	-0.7208	0.9087	0.3296	-1.1419	-0.0245	1.9542	2.6787
-1.8886	0.9610	3.8964	3.5840	-0.0807	2.1632	-1.7776	-0.9257	2.8620	1.6618
1.8214	0.7453	0.7106	-2.3440	2.0942	1.7746	1.7374	0.0922	0.9041	1.3380
-0.4160	0.3719	1.0131	0.8071	-0.0592	0.1381	-0.4632	0.4819	2.6607	0.2878
-0.3980	0.2040	0.9386	0.2016	0.0080	0.0737	0.6832	0.1966	0.3386	0.4596
0.4851	0.1665	1.2901	-0.2684	0.6749	3.8629	3.1531	-2.2908	2.1252	0.1293
0.0240	0.2846	0.9934	0.0480	1.6172	1.5161	2.0059	-0.7606	2.0546	0.9117
-0.7525	0.7036	1.5154	0.3707	0.6815	0.9066	1.1968	1.3218	0.9697	0.6492
-0.2098	0.0121	1.2260	-1.5610	-0.0481	0.2773	0.8541	-0.0106	0.3801	3.7917
2.7357	2.4974	0.5702	-1.6144	0.1059	1.3929	0.9792	0.3058	0.5371	0.5188
1.3482	0.1235	0.3249	0.0039	0.4710	1.4502	2.2193	1.8823	2.9475	0.4117
0.2205	0.0164	0.6043	-1.2045	-0.3855	0.4357	1.5374	0.3785	1.8812	1.5359
-0.1908	0.8852	0.2046	0.1476	-0.5622	0.9713	0.8910	1.4025	0.7860	1.8158
-0.4466	0.5725	1.4023	-0.0768	2.9937	1.1175	-0.2268	0.4564	1.6973	1.4854
-1.1776	2.3725	2.1023	0.7981	0.8532	0.4592	-2.1026	0.2559	1.6853	1.0265
-0.2688	0.7183	0.0097	0.5513	0.2586	0.1847	-0.0844	0.4373	0.7680	2.2778
0.5587	0.1733	0.1922	-0.6901	-0.0213	1.1373	0.6206	-0.6445	2.1311	0.3488
0.2994	0.5940	0.2957	0.1544	1.3697	0.1462	0.3302	0.1297	0.7699	0.7233
0.9961	0.9423	0.2950	-0.8192	0.7945	1.6955	2.1467	-0.7513	2.0081	0.1720
-1.5213	3.4341	1.2409	1.2030	0.1562	1.6491	-2.7114	1.7063	2.7248	1.4146
0.2231	0.5057	1.4319	0.0687	0.0276	1.1913	0.4848	1.8355	1.8114	0.7517
-0.7077	1.1434	0.3989	-2.4324	-0.7261	1.6837	0.2007	-0.8184	0.9731	4.4284
0.0640	0.0000	0.2692	0.4110	2.7059	0.8185	0.5953	-0.0472	1.0021	0.3379
-0.5627	1.0893	0.7715	0.5532	-0.1574	2.3412	0.1336	-0.8205	1.1524	0.6307
1.6045	1.4453	1.4423	0.1612	1.5993	0.2478	0.4413	0.8789	1.4983	1.9293
6.8298	4.5825	0.2308	-5.8201	-0.0600	1.0908	2.5082	2.2646	2.4988	0.4180
-0.0621	1.1664	1.7531	1.3384	1.1922	0.1697	0.3291	0.1596	1.2743	0.2760
-0.9671	1.2375	0.9247	3.4570	0.6424	2.1889	-0.6671	-0.3579	2.1138	0.6796
-0.2768	1.6458	0.8176	2.2814	0.0193	0.8801	-0.5711	0.3367	0.9067	0.0594
-0.1031	0.5579	0.4867	-0.8298	-0.0196	1.1147	-0.0277	0.1972	2.4922	1.8763
-0.0267	1.3960	0.5354	-0.1442	-0.3566	1.6788	-0.2910	2.7292	1.0324	1.3111
-0.6629	0.3535	1.1445	0.5620	0.5082	0.4992	-0.5935	1.5432	0.7882	0.3856
-1.1275	1.9428	0.3931	1.5115	-0.0281	0.4543	-1.5547	0.0266	1.3190	0.2412
-0.6024	0.9623	0.3391	0.6104	0.5664	4.5996	0.2907	-2.2160	2.1141	0.1238
-0.4239	0.4364	1.1425	0.5733	0.2100	0.1235	0.8689	2.3927	0.4742	0.2624
0.1705	0.0788	0.4139	0.8690	0.2251	0.4212	1.4721	0.4402	0.7368	0.1754
0.4083	0.0575	0.3668	0.8040	1.4085	0.9677	1.5656	-0.0586	1.2350	2.0863
-0.5977	1.3581	0.1386	-2.7281	0.4053	0.2768	-0.8585	0.4196	4.2386	4.5620
1.2281	0.1782	0.1182	-0.6749	0.1990	0.8062	1.6267	1.1132	1.4802	0.1400
0.9519	0.1184	3.0402	-0.3005	3.0724	4.3737	3.4773	-2.4241	1.9337	0.2512
-1.4185	0.1631	4.1805	2.3566	0.4551	1.1369	-0.9619	-0.0579	0.8588	0.0407
-0.4715	1.1750	1.1600	3.0476	2.0386	0.2915	-0.8585	0.1956	0.4412	0.0078
1.2205	0.7458	0.1441	-1.8230	0.2446	1.4589	1.2401	0.1772	0.6097	1.8667
2.5616	0.4235	0.8543	-0.2014	-0.0909	0.0182	1.8321	1.1125	0.5217	0.6784
3.1343	0.1822	1.4625	-2.8032	0.3096	1.9934	2.7184	1.7745	1.5569	0.3071
0.5230	0.5284	0.1095	0.2227	-0.0640	0.1273	0.5294	0.6274	1.0117	0.5816
-0.2372	0.2954	0.8929	-0.2653	1.0442	4.5885	0.5813	-2.8022	1.9241	0.7237
0.1534	0.3515	2.3766	-0.3349	0.0392	1.5017	0.4195	-0.5342	1.0498	0.3425
0.0603	1.1122	0.7437	0.5985	1.0438	0.1475	-0.4017	1.3825	0.5293	1.2681
-0.7486	1.9078	0.1194	-0.2276	3.1928	0.0309	-0.4411	0.1467	1.0710	1.4439
0.8133	0.2216	0.3308	-0.7879	1.0409	1.3168	0.9360	0.4470	0.9102	2.8413
-1.1193	0.8050	2.4527	-0.6393	-0.0231	0.8639	-0.3112	1.0019	1.0331	2.2237
2.0020	2.4081	0.0568	-1.5456	0.1821	4.6459	0.4852	-2.7654	2.7688	0.3523
-0.3948	4.3855	0.1451	0.3038	0.0318	1.8206	-2.3011	-1.1554	1.0317	0.6324
0.0167	0.5711	0.2466	0.8376	-0.0195	0.3945	-0.0366	1.4313	0.6823	0.2685
-0.4741	0.6896	1.3392	-0.2424	0.8647	0.3621	-0.5715	0.1243	2.7350	0.9160
-0.0565	0.3503	0.3285	0.0588	0.1076	1.7039	-0.2426	1.5807	3.7305	0.6291
-0.4671	0.0100	1.5021	1.3759	3.7190	0.1556	0.8496	0.3306	0.7922	0.0472
0.5739	1.9516	0.3969	0.0552	0.2964	0.2075	-0.6508	1.2663	1.4533	0.1213
-0.5203	0.6097	1.2275	1.6701	1.2829	2.0804	-0.5538	-1.0797	1.1146	0.4648
-1.3006	2.2131	0.3281	1.7468	0.7053	0.5624	-1.7699	1.0755	0.9364	1.0202
-1.3080	2.3400	0.2620	1.9575	0.6954	0.0962	-0.6184	1.1466	0.7682	0.3360
-1.1342	1.4457	1.8525	-0.2469	-0.3000	0.7784	-1.6079	0.1388	0.3356	2.0096
-1.1518	3.1812	0.3241	1.2776	0.8041	1.1393	-2.4406	-0.5063	0.4477	0.5650
0.7773	0.1095	0.2707	-1.6692	-0.4308	2.5817	1.0266	-1.5959	1.2802	2.0295
-1.5613	1.5167	1.8697	3.0216	0.1956	0.7107	-1.6347	3.3991	0.4203	0.5158
-0.5381	0.9135	0.8919	2.4720	2.9235	0.8274	-0.4530	-0.3179	0.5694	0.2145
-0.2366	0.3918	0.2911	2.7131	0.2441	1.3218	0.8426	2.0339	2.2185	0.0314
0.6335	0.4343	2.2545	3.8378	0.1281	0.4709	1.0195	0.8870	0.5989	0.7892
-2.2755	0.4105	5.1709	3.8365	0.4151	0.0080	-1.4432	1.8467	0.3211	0.3818
-1.7695	1.6058	2.3358	1.1006	-0.0216	0.9105	-1.9075	1.4784	1.2305	1.0511
-0.3631	1.1324	0.4013	-0.1045	-0.1285	2.5258	0.6819	-1.0945	0.9859	0.7189
-0.4753	0.2190	1.1593	4.4978	3.5066	0.1336	0.0454	0.0564	0.6363	0.6811
-1.3292	2.6517	0.1753	-1.3618	-0.8789	1.0924	-2.2128	-0.5090	0.7420	3.2811
-0.7617	1.7205	0.0364	0.9588	-0.2003	0.4405	-0.8652	1.4869	0.8868	0.8423
-1.4490	2.4415	0.3479	0.3706	0.3096	0.1617	-2.0005	1.6379	3.6071	1.2248
-0.2289	0.2560	1.0114	-0.5806	0.5290	0.9378	0.5291	2.5890	0.6573	1.5056
-0.1085	0.2281	0.0957	-0.2063	0.0692	1.4114	0.5731	-0.6633	1.4198	1.0778
0.1114	0.2355	0.8440	-0.4867	2.3404	0.0573	0.0524	1.2116	0.2391	0.8467
0.3231	0.5599	0.6384	-0.6907	-0.1124	0.0027	1.2940	0.8332	0.8145	1.4535
-1.1961	2.5499	0.0425	1.1511	0.2884	0.2084	-1.9564	3.6484	1.7115	0.2533
-0.4949	1.8048	0.2010	3.0363	0.3741	0.0166	-0.8998	0.7405	0.8642	0.0489
0.3559	0.0560	0.0145	-0.1429	-0.1634	1.2786	1.2038	-0.6097	0.7637	0.5868
-0.4539	1.2287	0.5029	-0.6647	-0.2578	0.1807	-1.0408	0.2812	1.7555	1.6206
-0.5764	0.2456	2.4759	0.2807	1.1703	2.8857	0.3245	-0.5835	1.6051	0.5775
-0.1082	0.6484	1.2987	0.5724	1.8552	1.5298	-0.4382	-0.4786	1.0553	0.2127
-0.5849	0.6593	1.7797	1.3000	0.3265	0.2067	0.4442	1.1112	0.4204	1.4178
-1.0221	2.5415	1.1177	2.6991	0.6718	0.2242	-0.9150	0.5084	3.3769	0.6072
0.6413	0.7399	0.1076	1.2444	0.4684	0.4246	2.0795	-0.2482	2.2532	0.3240
0.4821	0.7375	0.9615	-0.2412	1.6736	0.0259	1.7135	1.4611	0.0458	0.5121
-0.3678	0.1232	1.0184	0.5623	2.7107	1.0936	-0.1912	0.0478	2.4179	0.7337
0.1101	0.0062	0.0442	-1.0756	0.4943	0.5220	2.3972	0.3334	2.1407	1.9033
-0.8971	1.5096	0.6134	1.8879	-0.0472	1.0018	-1.1593	-0.2330	0.9362	0.3934
-0.2295	0.6951	0.7564	-0.5142	3.8242	0.1695	0.1077	2.6160	2.3899	0.9234
2.3647	0.2742	0.7690	-1.9979	-0.0990	0.9256	2.6125	0.4186	1.2071	0.5321
-0.6794	0.6493	3.7265	0.5744	3.1472	2.2538	4.0298	-0.6168	1.1234	0.2968
1.4686	0.2003	0.3413	-1.3284	0.0734	0.1336	2.0505	2.9032	2.1533	0.7081
-0.0012	0.0588	0.4767	1.4059	0.7964	0.3422	0.6161	0.2232	2.3537	0.0420
-0.3429	0.6824	1.3433	2.2974	1.5230	0.1956	1.9881	0.1624	0.3976	0.2921
-0.0555	0.0806	0.6755	-0.3790	-0.1894	0.7343	0.3549	0.3425	0.3387	0.7210
2.6594	0.0561	1.5299	-0.8425	-0.4064	1.3687	3.7032	-0.4165	0.5337	1.3927
-0.2677	0.6602	0.2494	-0.8172	1.7524	0.4036	-0.1910	-0.1894	1.2328	1.6598
0.4163	0.5365	0.2417	1.6512	0.2388	2.3643	0.0305	-1.3096	1.9667	0.0691
0.8182	0.2042	0.9328	-0.5659	1.5007	0.1669	0.5379	0.7579	0.6363	0.0112
-0.0922	1.0908	0.4917	1.2124	2.2931	0.4745	-0.2525	2.8499	0.3762	0.0342
-0.4564	0.8514	0.4440	1.7838	0.9191	0.7516	-0.5899	0.1006	0.9366	0.5643
0.2224	0.2083	0.8571	-1.0140	1.7968	0.6598	0.2822	2.4420	0.5298	1.7399
-1.4566	1.6679	1.9243	0.8456	1.3609	0.1933	-1.2226	0.3796	0.1616	0.9436
-0.6778	0.8274	0.6367	-0.0359	-0.0072	0.1744	0.6142	1.6083	0.1367	0.7794
-0.4532	1.0754	0.5591	-0.5059	-0.2385	1.0212	-0.5569	-0.1419	0.7347	1.5953
0.0788	1.0158	2.1477	-0.1045	1.1018	1.4192	0.7628	0.9623	1.2255	1.0014
-0.3415	0.2251	0.6932	-0.1934	0.0657	0.9582	0.4627	-0.3431	0.5336	0.9403
-0.6595	0.0867	1.4868	0.2407	-0.2003	1.6191	-0.2143	-0.0353	0.9053	0.9489
-1.3396	0.8837	4.1754	1.1889	0.0874	1.0614	-0.1246	0.2255	1.1831	0.1705
0.7577	0.1066	0.0213	-0.6142	0.8818	0.5894	0.6616	0.1806	0.5506	0.5174
0.4343	0.9450	1.3334	-1.0313	-0.0326	1.8693	-0.1918	-0.8844	2.5487	1.5075
0.0610	0.9767	0.9897	4.8047	1.4606	2.9051	-0.1406	-0.7593	2.1484	0.4603
0.1974	0.1415	0.5878	0.6699	1.0771	0.4646	0.4697	-0.0741	2.7465	0.3429
-0.7801	0.5978	2.6497	0.5079	-0.1152	1.0833	-0.7163	0.1409	3.0167	0.7306
-0.0890	0.2574	1.6171	1.1277	-0.0498	0.4735	-0.0664	0.4128	0.8190	0.5968
0.3330	0.2464	0.5926	0.0266	0.5439	0.2926	0.8790	1.2821	1.5821	0.2963
-1.2601	0.3686	2.6643	-0.4999	0.8423	1.7319	-0.9770	-0.7894	0.8833	3.0494
-0.7200	0.7755	1.0208	1.2877	0.3801	0.6201	-0.6683	0.1111	0.3931	0.5320
0.3058	0.3019	0.8153	0.2352	-0.0130	0.4356	0.3434	1.4908	1.0104	0.4259
-0.6028	0.1006	2.2511	0.3931	-0.0236	0.6918	0.4352	1.1339	2.1247	0.9334
0.1788	0.4732	0.6224	-0.6925	1.0359	0.0708	0.1378	2.3522	0.8798	1.2810
0.9453	0.8514	0.4500	-0.7939	0.0982	0.7412	0.8434	1.2367	2.3975	0.2513
-0.1447	0.5831	0.8561	1.3029	-0.1461	0.5271	-0.0310	0.6991	0.6463	0.4507
2.5965	0.9356	0.1388	-3.5239	2.4008	0.0245	2.5266	1.3509	1.3387	2.0017
-0.0527	1.2194	0.3380	-0.5829	0.0537	0.0234	-0.6078	0.8635	0.0129	1.4268
-0.4579	3.1635	0.0869	0.2200	-0.0785	0.3898	-1.9666	3.0191	0.6582	0.9023
0.0038	0.0804	0.8561	1.0778	1.4295	3.0487	0.2780	-0.0414	6.6650	0.2384
0.3459	0.3562	0.0598	0.2191	0.3598	0.3252	0.5866	0.5629	0.8811	0.7079
-0.3889	0.7258	0.1990	0.6659	1.8496	3.2188	-0.1737	-1.8015	2.5063	0.4283
0.2220	1.3664	0.3226	3.0171	0.7625	0.0080	1.1265	0.1000	0.0497	0.7223
-0.6638	1.6782	0.0027	-1.0465	0.3573	0.0885	-1.3827	1.5084	0.3723	2.4099
-0.7467	0.4525	1.4813	0.5575	0.7705	3.1722	0.2439	1.7610	3.4812	0.1400
0.7287	0.7005	0.7035	0.9476	1.7302	0.6463	4.3499	0.9529	1.7525	0.1279
-0.8467	0.9611	2.8129	0.1983	3.3688	4.8806	0.3884	0.5831	2.6716	0.8662
-0.1664	0.9870	0.5889	2.2406	0.7736	0.2637	0.2452	0.8468	1.6469	0.2029
0.0471	2.0065	0.1039	1.3482	-0.0228	1.3436	1.1859	-0.6863	1.1155	0.7766
-1.2416	2.0424	1.5488	2.5325	2.0953	1.6503	-1.8760	-0.4816	1.0205	0.0154
-0.4641	0.7705	0.3317	0.6780	0.7207	0.9689	0.0541	-0.3407	1.3769	0.6927
-0.4626	1.1284	0.0360	0.5809	1.0355	0.2221	0.2007	0.0123	2.8307	1.0108
1.1897	0.0239	0.6557	-0.9593	-0.1010	0.0899	2.2709	1.0386	0.7495	0.5839
-0.5113	0.8243	1.4938	3.2731	1.7061	0.1204	-0.4961	0.1618	1.4416	0.3236
-0.7184	1.4844	0.5794	0.8137	4.2084	0.1312	-1.2906	3.7913	1.7089	0.5873
-0.6017	0.2869	1.1534	3.7257	0.1971	1.4419	-0.5090	0.3143	0.7433	0.0388
-1.6250	1.2534	2.3963	-1.3146	-1.2427	0.1114	-1.8258	0.3272	0.3539	4.3485
0.8582	1.1162	0.1858	4.0884	0.3038	0.1490	0.0383	0.1050	1.2794	1.1214
0.3214	0.0170	0.0162	-2.6710	-0.8225	1.1953	0.4020	2.2609	1.0576	3.2096
0.7735	0.1417	0.0695	-0.5250	0.2959	2.6673	0.7699	-1.3215	1.0359	0.6258
-1.2717	3.5342	1.5135	-0.2124	3.2928	3.5447	-1.9239	-2.0443	1.3385	1.6855
-0.5635	1.1244	0.2793	1.0707	0.5135	2.0079	-0.2462	-1.0669	1.3649	0.1741
-0.4732	0.0259	1.3667	2.0410	1.2391	0.2113	-0.2016	0.6521	2.4764	0.1640
0.0912	0.5082	0.2991	2.2982	0.0391	0.4051	3.1004	2.5669	1.2662	0.3299
-0.1054	1.1099	1.1449	0.5742	0.7083	0.0056	1.0801	0.9915	0.0304	1.1373
2.2414	1.2450	0.4312	-0.5904	-0.3530	0.1544	2.3009	0.2752	0.0652	1.1297
-3.8543	3.1919	5.4008	3.6937	0.4198	0.9736	-4.5578	2.1783	0.8490	1.1096
0.6327	1.0543	0.0162	-0.2117	1.3158	0.6945	-0.1359	1.1557	1.0075	0.1035
-0.4214	0.0860	2.6761	0.0553	5.5729	1.3268	0.7042	-0.4976	1.0927	1.6493
-2.2487	3.9131	0.5003	1.1344	0.2949	0.2323	-3.5800	0.2570	0.7673	1.2537
0.6736	0.7849	0.8785	0.9532	0.0550	3.4830	0.7915	-1.5840	1.3802	0.2569
-1.1571	1.0354	2.9677	-0.1871	0.2262	0.8090	-1.4249	-0.0805	4.3343	1.5247
-0.1020	1.1678	0.4465	0.4924	-0.0109	0.9894	1.0171	-0.3974	0.6266	0.5810
1.6228	0.1376	0.1290	1.0992	0.6569	0.8224	1.8596	0.1605	0.8903	0.9349
-0.7022	0.7079	0.9568	0.6699	-0.1811	1.2221	0.2977	-0.0998	1.2695	0.8629
1.7265	0.2766	0.4522	-3.3439	-0.0167	1.0920	2.5068	-0.4613	3.2232	3.0605
-0.2226	0.3167	0.4125	2.3075	0.1251	2.4986	-0.2429	-0.0420	2.5032	0.3247
1.5304	0.7331	0.2586	-1.3453	0.7174	0.5006	2.1321	0.2079	0.4411	0.3563
1.0835	0.4065	0.1487	-0.7000	-0.1322	0.5517	2.4306	0.9561	1.1094	1.3315
2.6430	0.9205	0.0435	-2.2959	1.1347	0.3174	3.1440	0.0719	3.1176	0.9542
-0.5928	1.1236	0.5868	1.0964	0.8228	0.4614	1.3588	0.9397	7.2257	0.0807
2.1861	0.4490	0.9827	-2.7769	-0.3707	0.9813	1.3353	-0.0941	0.8397	1.9952
-0.2740	1.5672	1.0142	-0.6284	-0.3918	1.2770	-0.7988	-0.2302	1.3113	1.7175
0.8027	1.6567	0.5372	-1.4427	0.5085	1.0187	1.2841	1.5193	0.4085	1.2759
-0.9434	1.6037	0.3669	1.0017	1.8625	1.8457	-0.9901	0.6448	1.7056	0.0160
0.5632	0.5271	0.7375	0.1983	0.3832	0.5105	1.1514	-0.0042	1.2582	0.2166
0.1388	0.0706	0.3046	-0.4093	-0.1399	0.2075	1.3211	1.2125	4.8275	0.4474
0.1973	0.5344	1.7341	1.7139	1.3613	1.0798	1.1650	0.2833	0.5720	0.7575
-0.4734	0.9423	1.3197	0.7949	2.8488	0.3169	-0.2508	0.1351	0.6081	1.0771
-0.2733	0.5174	0.5367	-0.4416	-0.2847	0.1265	-0.3439	0.3390	1.1288	1.4737
0.1693	0.1691	0.3887	-0.6400	0.8447	0.8413	0.1657	1.6582	0.4878	1.0400
1.3751	0.2284	0.0574	-0.4945	1.5132	3.4125	2.9771	-2.0334	2.1945	0.5400
0.4196	0.7265	3.0425	-1.3043	0.2785	1.9159	0.6490	0.2287	1.6279	1.5251
1.3648	0.1892	0.1847	-0.8433	0.0710	0.0727	1.7125	1.2603	4.1581	0.2950
2.9241	0.0177	0.0246	-1.2893	1.0692	1.2917	2.3927	-0.4478	3.6878	0.0968
-0.2854	0.8216	0.8261	0.1162	0.5212	0.2922	-0.5654	1.1904	8.7137	1.0294
-0.4971	0.7583	0.6334	0.3975	-0.3164	1.0067	-0.6093	-0.4697	0.4350	1.0109
-0.4417	1.1388	0.1590	-0.7796	-0.3426	0.5676	-0.7338	1.0732	1.0893	1.6615
-0.2973	0.2469	0.8368	0.7735	1.1786	0.4688	2.5312	0.5891	0.7452	0.4034
0.7336	0.3149	0.4488	-0.1268	0.1014	0.6053	4.2885	0.4377	1.5643	0.7454
-1.5852	3.3541	0.0512	2.0445	1.3239	0.5711	-1.6183	0.0984	1.2312	0.3108
-0.3188	0.5497	0.1338	0.3313	1.2868	1.1655	-0.4357	0.4401	0.6865	0.1813
-0.0982	0.1972	0.5074	-0.2331	0.7417	0.1873	-0.0628	0.5140	1.8942	0.4776
0.0486	0.6876	1.9535	-1.0550	-0.6643	2.7771	0.4176	-0.4046	1.2000	2.1003
-0.2684	2.5377	0.9171	-0.1376	0.5959	0.7360	0.7755	-0.3014	0.9763	0.7149
-0.8969	0.4477	3.2023	0.6421	0.0365	2.1152	-0.7793	0.2577	1.2223	0.3084
-0.7831	1.9372	0.2863	0.4344	1.5313	1.2131	-0.7420	-0.6070	0.9229	0.6057
-0.3799	0.7841	0.1553	1.9629	0.1813	0.0484	-0.2269	0.0514	0.7085	0.6629
0.3258	1.0794	0.0264	0.7174	0.0495	2.4364	-0.1900	-1.2288	1.3665	0.1688
0.1352	0.2249	2.9291	-0.2170	0.4788	0.0447	0.7318	1.0837	0.5366	0.5360
-0.8040	0.1539	2.0005	0.1047	0.0553	1.4705	-0.0176	2.8776	1.6858	1.2071
-0.4772	0.7556	0.3650	0.8633	0.5965	0.3387	0.2725	-0.1356	0.3654	0.4716
0.9707	0.3446	0.3770	-3.2010	2.8263	3.1472	0.8833	0.2032	4.0077	3.5996
-0.4827	1.3832	0.0648	5.3369	0.3841	0.1497	1.0790	0.0787	0.2860	0.2779
1.3701	1.1844	0.6317	-0.0073	1.0240	0.2093	0.7430	1.9342	0.0884	0.0159
0.1822	0.9816	0.2981	-0.1932	0.4698	5.0740	-0.3788	-0.3597	2.7533	1.4146
-0.8896	1.2238	0.8160	0.3322	5.3430	0.4468	-0.9677	-0.0554	2.8635	0.5519
0.6356	1.8835	1.9183	-0.2851	3.0426	1.2015	0.0935	0.5510	0.8567	0.0935
0.9533	0.1138	1.7900	-0.6166	0.0811	0.0197	1.0727	3.2953	1.4700	1.7567
-0.3249	0.4394	1.0020	0.3087	-0.1093	0.7073	-0.4289	1.5188	0.9038	2.9480
-0.8554	0.6463	1.9409	-0.9454	-1.2267	3.2468	1.3225	1.4564	3.2998	4.5185
-0.3946	0.4328	1.8639	0.7772	0.2194	2.5881	0.2550	1.5011	2.0810	0.2821
-0.1699	0.2161	0.1625	-0.0525	1.9521	1.9677	1.4357	0.0695	0.9077	2.9229
0.8907	0.3374	0.5359	-0.6759	1.3226	1.7445	2.1896	-0.9338	1.5304	0.4956
0.2414	0.0195	0.6520	-0.5817	1.8670	0.9298	0.7494	0.7594	3.7600	0.6167
1.8925	0.8332	1.8227	-0.3515	0.7999	0.0639	1.8929	0.6792	0.3214	0.5856
-0.7145	0.0632	2.0789	1.1743	1.5305	2.6332	1.6431	0.3349	3.7569	0.0586
-2.2492	2.9709	2.1662	2.1320	-0.3998	0.1093	-2.7341	0.4861	0.2892	1.2920
-0.6230	0.7409	2.5671	0.7626	-0.2941	4.9579	2.1472	-2.4445	1.9322	1.3613
-0.5982	0.7866	0.4197	-1.3071	0.9623	0.9471	-0.6889	-0.4042	2.1167	2.9778
-0.1085	0.4026	0.8346	0.5026	0.5659	0.2003	0.8153	0.6320	1.9820	0.4681
-3.6706	6.2483	1.1058	2.6897	2.1989	0.9658	-5.1081	0.4292	0.5332	0.7942
1.7711	0.4608	0.5725	-3.3738	-0.6029	0.2027	1.3327	1.5263	0.5678	3.3027
-0.2457	1.9234	0.8544	-0.0677	-0.3942	1.4898	-0.7178	0.2956	1.1088	1.5641
0.0054	1.1599	0.0243	0.1563	1.2473	1.0742	-0.4574	-0.6594	1.3315	0.1162
-0.9557	0.3455	2.1430	0.6399	2.1952	0.0948	1.3410	0.5633	0.2635	0.1919
-0.5000	0.8079	0.6933	-2.7286	-1.0563	1.7674	-0.5867	-0.6808	2.7580	5.1897
-0.4056	0.8582	0.6131	1.0479	-0.1045	2.8398	-0.2035	-0.5799	1.8629	0.6922
-0.1340	0.4953	0.6636	0.9755	-0.4112	0.4101	2.6508	2.1064	0.3624	1.2631
1.9286	2.1949	4.4770	-1.8318	0.8370	2.1908	0.6289	-0.2077	1.2910	2.0792
0.6245	0.6995	0.2320	0.3450	3.0620	0.0170	2.5164	2.4913	0.2518	0.5304
1.2133	0.3146	0.5749	-1.6108	1.7282	0.0580	2.6164	0.1861	1.2712	1.2741
-0.0441	0.2019	0.0165	-1.0880	-0.1610	0.5451	0.2622	-0.2206	0.6731	1.6653
-1.3413	2.8967	1.0533	-0.0860	0.0947	1.3939	-2.6424	0.4672	1.3693	1.6071
-1.5437	1.0832	3.5030	1.1106	-0.1341	0.2818	-1.0576	4.1788	0.3343	0.5937
0.4002	0.4981	0.8321	0.9301	0.5251	0.1925	0.9472	0.4631	0.2699	0.3647
-0.1589	1.3654	0.3152	-0.1216	0.0171	0.9340	-0.2034	-0.4049	1.4860	1.2082
-0.2081	0.2174	0.2841	0.0981	0.5173	0.2850	-0.2323	0.9407	0.2671	0.1587
0.0167	0.8898	1.0460	-1.1742	0.6306	0.1256	2.7572	0.7223	0.1730	1.9296
-0.5180	0.1940	1.2235	1.1163	1.6603	0.4759	-0.3093	0.5934	0.3965	1.2341
0.4803	0.0089	0.5014	-0.4688	0.5323	3.8527	0.7764	-2.2692	4.0416	0.4497
1.3051	0.1117	0.1925	0.0822	0.0193	0.1354	0.8988	0.0438	0.6059	1.2760
-0.7811	1.5785	1.2264	0.6538	1.4901	1.1023	-0.1911	0.4598	1.1529	0.8991
-0.4524	0.6966	0.3192	0.5631	-0.0498	0.3074	5.8961	0.0817	1.2882	1.1009
1.7528	0.5209	0.8964	-0.2625	0.6549	1.3479	1.5285	-0.6625	0.9130	0.9807
-0.0370	0.0237	0.1004	0.1615	1.3782	1.5710	0.1446	-0.5341	0.9299	0.0982
0.9259	0.2709	0.4189	-0.5623	-0.0285	0.3247	0.5480	-0.0103	2.7610	0.6285
-0.5087	0.7093	0.6667	0.2343	0.4220	0.5626	-0.5276	1.0979	0.5080	0.7791
-1.4008	3.0553	0.0702	2.6476	1.9421	2.5680	-1.2525	-1.5029	1.5803	0.5316
0.3535	2.4755	1.2020	3.9464	1.5321	1.5481	-0.4334	0.1619	3.6695	0.0429
-1.0478	1.0505	2.1497	1.1757	0.5661	0.2965	-0.9785	0.4687	0.8202	0.5476
0.2382	0.1348	2.4703	-1.7206	-1.7683	1.4038	0.5470	-0.2310	2.5178	6.1149
2.2334	0.3261	0.1341	-4.2098	-0.1020	1.7208	3.3830	0.0100	2.8930	5.0485
2.3043	0.3585	0.7086	-1.1401	1.0742	0.4263	1.5773	0.3585	1.2896	0.0094
-0.7795	1.1606	0.4306	0.7025	1.0912	0.4809	-0.4302	-0.1810	1.1192	0.3018
-1.0781	0.3472	2.8590	2.9957	0.1617	1.0271	1.1380	-0.1847	1.4162	0.7544
-0.1029	1.7021	0.0044	-0.2155	0.7904	0.3650	-0.7811	0.2258	0.6740	1.2422
0.8536	1.2638	0.4899	-1.3977	0.5323	0.3030	2.0686	2.9050	0.5138	1.0846
0.8770	0.5367	0.4610	1.5778	-0.0008	1.5509	1.0974	0.5542	0.8094	0.6209
-0.3246	0.6390	2.7495	-0.6207	0.2099	1.5714	0.8245	-0.0129	1.2211	1.9132
0.2860	0.2627	1.4310	-0.0040	1.2928	0.1001	1.7031	1.9331	2.4584	0.1345
-1.2493	1.7212	1.2304	1.3454	1.7002	0.0406	1.9157	1.2370	0.0948	0.0857
-1.4745	0.8579	3.1222	1.2980	0.2124	0.7326	-0.9493	1.5487	0.6463	1.0149
0.1377	0.2869	0.4757	0.6630	0.4773	1.4057	0.6576	-0.6167	1.1572	0.3616
-0.7900	0.6381	2.0989	-1.2140	-0.0290	0.9597	-0.8226	-0.0931	1.4237	2.6864
-0.5866	0.2568	1.4703	1.6399	1.5672	0.4009	0.4742	3.8514	0.2572	0.4299
-0.6391	1.2502	0.1196	0.4823	0.4354	0.8151	1.0772	-0.2596	1.3763	0.5092
-0.2596	0.5686	0.2606	-1.4535	-0.2818	1.0796	-0.0574	0.4938	0.9383	3.0958
0.1347	0.8757	0.1623	0.9888	1.2253	0.2032	-0.1454	0.3755	0.9525	1.6115
0.1164	0.0918	0.1269	-2.8224	1.2554	0.0619	2.6027	1.6659	0.5610	6.0622
0.4368	0.0526	0.0848	-2.8197	-0.9363	0.2072	0.9415	0.0966	0.8064	4.0431
2.3077	0.2005	0.3608	-1.5233	1.6086	0.2626	4.2236	1.2535	1.0688	0.5902
-0.6981	0.7301	1.2668	1.0584	0.1582	1.9733	-0.8926	-0.6294	1.1706	0.3598
-0.6957	1.1820	0.1805	-0.2142	0.3388	1.2560	0.0629	0.1654	2.3097	2.1114
-0.8204	1.2741	0.5156	0.4484	1.5043	0.2827	-0.4424	-0.0442	6.9743	0.9870
-1.1596	0.3534	2.8047	2.0079	5.0793	1.7293	2.6197	-0.6721	2.4870	0.2438
0.0490	1.1245	0.0807	0.7982	-0.1846	0.6431	2.2918	-0.2888	4.6026	0.6079
0.7073	0.1557	0.6462	-1.0184	0.6418	0.7836	2.1160	-0.0563	2.8064	1.3727
-2.4465	4.5246	4.0064	1.2811	1.3750	1.1513	-3.0491	-0.1681	0.9171	1.1541
1.3597	0.8657	0.2373	-2.1023	-0.2057	0.7452	1.0782	1.0247	2.2499	1.3360
1.9280	0.0063	0.1998	-0.5175	0.3138	1.3018	1.8574	1.4487	0.7851	0.1193
-0.8391	0.4225	1.6759	0.2896	6.3111	0.0067	-0.8046	0.6839	1.6973	1.1892
-0.4031	0.4635	3.9288	1.1815	2.3690	1.4656	0.2819	1.1808	0.6652	0.2351
-0.7562	2.6498	0.9364	0.6982	0.4145	1.5075	-1.6005	0.2543	1.1895	0.0976
1.0008	1.5883	0.0700	-1.1440	-0.2430	1.0833	0.8291	1.2487	1.4019	1.7482
0.8912	0.5751	0.0293	-0.0180	0.1831	0.8438	1.9246	-0.1017	0.4675	0.2227
-0.8440	0.0797	3.9141	1.8963	0.0575	0.0350	-0.0421	1.6039	0.3362	0.3022
0.2541	0.4938	0.8459	-0.2570	1.3108	6.6188	1.3470	-3.7967	2.6784	0.8290
-0.6647	1.1148	2.5620	0.0822	-0.0893	0.3620	-1.0000	1.1933	0.5283	0.9970
0.2403	0.0872	0.5217	1.0560	0.4680	0.3906	0.5601	0.7377	0.6268	0.8438
0.2795	0.1769	1.6653	0.7228	0.8490	2.4818	1.2763	-1.0983	1.6593	0.2035
-0.4134	0.0003	1.0349	-0.5782	-0.3499	1.4253	2.2310	0.1439	2.1211	1.3038
-0.3399	0.0528	1.0329	-0.4134	0.8160	0.0503	-0.2224	1.4935	4.0073	1.2402
-0.5086	1.4276	0.0989	-0.1661	-0.1943	0.3582	-1.0792	0.0592	0.3175	1.1378
0.8032	0.3379	0.4964	-2.2022	1.4226	0.6519	0.3976	0.3650	2.7393	2.9220
-0.1580	3.3788	0.0899	0.2309	1.6709	0.8027	-1.1731	0.7706	3.0999	1.1405
-0.9750	1.7413	2.2029	0.6991	0.7723	0.8092	-0.8864	2.1633	2.0433	0.6744
-0.4230	0.4524	2.3133	1.6594	1.5964	0.8953	0.0121	0.4141	0.6119	0.4580
-0.1330	0.2976	0.6475	-1.8893	-1.0459	0.1148	0.1813	0.1833	0.6085	3.5903
-0.5130	0.9985	0.6595	0.6378	1.4034	1.0390	0.0539	0.0610	0.8048	0.1675
-2.1370	1.7335	3.6566	2.5498	0.8333	1.0015	-2.0058	-0.0548	1.3922	0.0180
-0.5514	2.0746	0.3607	0.3583	0.5006	0.8632	-1.4855	4.4566	0.7398	0.5136
-0.3452	0.2756	0.7521	0.1647	0.4012	1.6080	-0.2051	-0.8799	2.6079	0.4242
-0.3856	1.1317	1.3622	3.5203	4.6522	5.2487	0.1396	-1.8391	2.7108	1.1378
0.4624	0.1142	0.8562	-0.6076	0.2763	0.0876	0.3482	0.5765	0.6892	0.9013
1.7952	0.6610	0.2795	-1.4164	1.1780	0.6835	1.4094	0.4914	2.4062	0.0164
0.0126	0.6666	0.0549	0.4190	2.4865	1.3987	-0.1470	1.0490	0.8251	0.2899
-0.2828	1.1381	1.0571	0.7161	1.2884	0.1147	0.7566	1.2376	0.1522	0.4884
0.0804	0.9826	0.6621	0.3188	0.8483	0.9997	0.6312	-0.2061	1.0524	0.3791
0.1222	0.3644	0.5657	-0.2810	0.0939	0.4704	0.8033	0.7445	0.7076	0.2495
-1.3094	2.0439	0.7742	1.3743	-0.0386	0.6120	-0.9940	-0.1124	1.7493	1.0830
-0.0994	0.4804	1.2268	-0.2796	1.4483	0.2005	0.5237	0.0496	0.6455	0.5348
-0.5168	2.2980	0.0188	1.3427	-0.0813	0.9197	0.2535	-0.1301	0.4105	0.4831
-0.8221	0.3080	1.6402	0.3763	0.8913	1.0161	-0.5857	0.0701	0.6957	0.4679
1.9139	1.7016	0.2256	-1.0912	0.4998	1.5791	1.6317	-0.9857	1.7287	0.0378
0.0479	0.0695	0.5114	3.2566	0.0639	0.0787	2.0782	0.5379	0.2403	0.6076
-2.3606	4.8260	0.0666	0.8809	-0.4334	4.4296	-4.1963	-0.8896	4.0846	2.4131
-0.4630	0.8517	0.5456	0.0861	0.1674	3.0134	-0.4891	-1.3667	2.3241	1.6039
-0.5114	2.9814	0.5288	-1.8544	-0.6351	0.3456	-1.8658	1.3154	1.3471	3.0788
2.9466	1.6466	0.0850	-0.2263	0.4253	1.5841	1.2628	0.5909	1.5262	0.2722
1.5667	0.6123	0.2018	-3.3065	0.9617	0.3307	0.8775	0.6419	0.8883	3.1447
2.4020	0.7331	0.1160	-3.8476	-0.8247	0.4338	1.6000	0.0930	2.0548	2.8254
-0.4744	1.2088	0.3936	-0.3383	0.1418	1.3766	0.2039	0.1472	0.7004	2.2529
-0.5675	0.5286	1.0457	0.0141	-0.0737	0.5813	0.2333	-0.1180	0.2577	0.7755
-0.2157	1.0829	0.8456	-0.9389	1.0440	0.8013	0.2995	0.8323	1.4111	1.5729
-0.7896	0.5766	1.6648	0.4690	1.6479	0.6608	1.8592	0.5621	4.5358	0.3317
0.7921	0.4630	0.4514	0.1336	0.9922	0.5818	4.4183	0.9862	1.6404	0.3160
1.1584	0.5659	0.4773	-0.5691	1.5210	1.8907	2.3942	-1.1425	1.3291	0.1568
-0.1200	0.3457	1.3124	0.3052	0.4215	1.8324	0.5956	4.2129	2.9702	0.4782
0.8869	1.3643	0.2328	-0.9583	0.6403	0.2748	-0.0602	0.1355	1.2192	1.9982
-0.1055	0.5835	0.4427	-0.1397	-0.0365	1.2818	-0.3771	0.0180	1.5746	0.9402
-0.8060	0.8683	1.3215	0.8652	1.0478	0.5283	-0.4581	0.3592	3.3706	0.2895
1.6394	0.3749	0.9949	-1.7741	0.3270	0.1216	1.3893	2.2259	1.9275	0.9990
0.8365	2.1091	1.6739	0.8286	1.9055	5.2088	0.1640	-2.7367	2.6727	0.3466
0.2814	0.9607	0.7164	1.2015	0.6133	7.7729	0.5996	-3.4164	4.3105	0.0313
1.5863	0.3771	0.7646	-1.2599	1.2652	0.0181	0.9740	0.3062	1.6020	1.0187
-1.3033	1.5470	1.1998	3.2482	0.2101	1.5745	-1.7964	-0.6950	1.0162	1.0961
-0.0378	0.6981	0.0078	0.5932	1.0632	0.2989	-0.2533	0.5646	0.8926	0.3890
0.1365	1.6279	0.2592	-0.6133	-0.1709	0.9434	-0.0903	1.1349	1.7539	1.2481
0.4875	0.0975	0.7623	-0.1419	1.8357	0.1292	0.4679	0.5788	1.0117	0.7057
-0.4619	2.0979	0.8492	0.6582	0.5092	0.2730	1.0440	0.2120	0.5737	1.3099
1.8269	0.1361	0.8774	-2.0797	2.7106	4.1263	2.7358	-1.8928	2.6711	1.5264
-0.4488	0.9997	0.3057	1.1346	-0.0470	0.7378	-0.2505	-0.1141	1.1378	0.1572
-0.8544	1.2090	0.8882	-0.9116	-0.4557	1.0767	1.5082	-0.5943	0.7208	2.3955
0.3746	0.0473	0.2090	0.6149	0.4655	2.0228	1.2491	-1.1173	3.4975	0.1849
-1.7178	3.3206	0.4054	1.0243	0.5088	0.1705	-2.9022	1.0802	0.2041	2.6402
-1.4747	2.3824	0.7994	-0.0256	0.0373	1.2828	0.2688	0.5697	0.7960	2.6138
-0.2056	0.4536	1.6251	-0.1924	-0.1756	1.5915	2.4197	-0.5213	0.9206	1.2552
-0.2810	0.7436	0.9241	-1.3087	-0.4631	0.5772	-0.3931	0.1360	0.2362	2.0674
-1.0811	2.7532	0.3744	1.0622	0.5859	1.7569	-2.0571	-0.6007	1.9782	0.4316
-1.1301	2.2679	1.9186	0.5030	0.1319	0.2681	-0.4242	0.6842	1.3482	1.7849
-0.8244	1.2266	1.6257	1.5279	1.7643	0.5858	1.8298	0.9951	0.7095	0.1665
-1.1233	1.7892	1.3437	1.6352	0.1383	1.5478	-1.6246	1.0409	1.9885	0.0058
0.6671	0.0706	0.4908	-1.6445	-0.2080	1.6780	0.6990	-0.7296	0.7011	2.7330
2.8641	0.1797	0.0969	-0.8060	0.0596	3.4330	2.2215	-2.1494	2.6048	0.5174
-0.5786	0.3994	1.3975	1.3810	-0.0213	0.8710	0.5593	0.5490	1.4436	0.3888
1.9948	1.4466	3.1369	1.4128	-0.0358	0.9558	0.8206	-0.0949	0.9733	0.2842
1.9453	0.0116	1.1793	-0.7397	0.3938	1.9444	1.6441	-0.9390	0.9348	0.0562
-0.9330	1.7369	0.9063	1.6638	0.0788	0.5073	-0.7980	0.6968	0.5073	0.2783
-1.0776	1.0036	1.4604	-0.1746	-0.5693	0.7387	4.0286	1.4523	1.4587	2.0178
-1.4789	0.7102	2.9005	1.7173	-0.1134	3.3865	-1.2940	0.9742	1.5588	1.2098
-0.4067	0.7814	0.4250	-0.5473	1.5480	0.9963	-0.2115	0.0424	0.5042	1.6686
-0.2974	0.2028	1.4653	1.6642	0.8093	1.4865	0.5668	0.2209	0.7842	0.8339
1.1452	0.4810	0.1277	4.3684	0.2920	2.3732	3.1855	-1.0346	0.8966	1.6548
0.1233	1.0009	1.7861	-2.4023	1.0263	0.1007	-0.2911	0.2841	0.1405	3.1725
2.7246	1.9172	0.2685	0.0116	-0.0437	0.5430	4.3690	-0.1164	3.9170	0.5008
-0.3024	0.8629	0.0693	0.7832	0.6038	0.6248	1.0625	1.4378	0.3567	0.5883
2.3210	0.7614	0.1953	-3.3890	-0.3182	2.5726	1.3510	0.1031	0.9910	1.9946
-0.7041	2.3915	0.0496	0.9452	0.3184	0.6156	-1.6717	0.7245	1.5596	0.3420
1.7017	0.4615	1.3459	1.5274	2.0413	0.0729	2.7547	1.5568	0.4480	0.1065
0.2532	0.7533	0.0176	-1.2724	3.0924	0.9125	0.5962	1.3994	1.4364	2.1126
-0.9439	1.3907	0.5308	-0.1968	-0.2638	0.0428	-0.0170	0.1968	1.0138	1.9692
0.6051	0.7583	0.1485	0.1135	1.2574	1.8501	0.1494	-0.0260	1.9098	0.9962
0.8786	0.3871	0.3694	-0.2944	2.1540	0.0113	2.6582	0.3073	0.9772	0.5540
-1.2284	0.2361	3.1565	0.9187	-0.1844	1.1784	-0.9875	-0.3329	2.4931	1.4653
-0.6534	1.1220	2.7421	3.0985	1.5932	0.8124	-0.9712	-0.0140	0.4626	0.6430
-0.2497	1.0392	0.4179	1.4818	1.5778	0.1729	0.6411	2.2512	0.6396	0.2900
-1.0981	1.2373	1.2953	-0.5171	-0.4686	2.6688	-0.7480	-1.5231	3.5747	1.8680
-0.0176	0.2147	0.5666	-0.0573	0.4826	0.1010	2.6106	0.0380	2.2440	0.8570
3.8502	1.2006	0.2299	-3.3285	0.5026	1.3327	2.5000	1.2579	1.4678	0.8934
-0.4870	1.7384	0.1168	0.8675	1.2555	0.0112	-0.8602	4.9750	1.3556	1.9267
1.2191	0.5210	0.9671	0.2091	0.5684	1.5082	0.7378	2.0044	1.3014	0.4016
-0.1406	0.7002	0.0718	0.5238	-0.1989	0.5301	-0.1959	0.4765	0.7429	1.4566
0.5562	1.6019	0.5785	-0.8845	0.8383	0.8844	0.0754	0.2924	1.6672	1.1944
-1.0733	1.9566	0.3055	2.3590	-0.3844	2.2102	-1.8161	-1.0381	0.8356	1.3426
0.4432	0.4057	0.6511	-1.3083	0.6991	0.8571	3.8835	0.7356	2.0947	1.2573
-0.2736	0.9341	0.0335	-1.6695	-0.7002	0.0615	0.0428	-0.0334	2.4305	3.1419
2.2380	0.0143	0.1708	-1.7126	0.1477	0.2388	2.1811	0.4473	0.5665	0.1591
1.2540	0.0867	2.0333	-1.6094	0.3318	0.5493	0.9102	0.4981	5.4392	1.2445
0.3200	0.1161	1.1614	-1.9577	1.4543	0.6963	2.1199	-0.0172	1.1000	3.8122
0.2568	2.8519	0.0614	-0.2003	0.5996	1.4871	-0.5004	-0.7514	4.0239	0.2579
1.6746	0.1337	1.0421	-1.3730	-0.3353	0.1905	1.1888	0.7658	0.6581	1.5909
-0.1659	0.1414	0.8520	0.6205	0.2594	0.2762	1.0825	1.7097	2.1687	0.2755
-0.6003	1.4263	1.1279	-0.7117	-0.0033	1.7092	-0.3286	2.2427	0.7638	2.0648
-0.3030	1.2684	1.6737	-0.3174	2.0627	1.8166	0.5712	0.4115	1.7264	0.8580
0.2666	0.1669	1.0292	-0.1386	0.7299	0.4426	1.9280	2.2543	0.3498	0.0796
0.7973	0.1439	0.6251	2.9461	0.2095	1.9490	2.2206	-0.0832	2.5908	0.2077
0.0925	0.3943	0.3929	0.3356	0.2668	0.0286	0.1513	0.5134	3.3248	0.2414
-0.3099	0.1172	1.1331	-0.9189	0.5577	0.6546	0.6074	1.5009	2.6164	1.8483
1.8978	1.0011	2.5214	-1.5028	1.1087	0.1984	1.6728	1.5836	1.5726	0.6386
-1.3009	1.5623	1.5614	1.8791	0.2369	0.1183	-1.8317	0.1996	0.4651	1.1063
0.7408	0.2225	0.8090	0.2259	0.0662	2.1872	1.4377	-1.1512	2.4196	0.3951
1.6009	0.2659	0.2553	-0.3209	0.0330	0.4589	1.0508	-0.0742	1.7482	0.0712
-0.2481	0.6220	1.2168	1.3129	0.9952	1.2090	-0.4722	0.2735	0.6370	0.0106
-1.0845	2.7404	0.0927	1.6614	0.3155	0.0678	-0.9867	1.8064	1.1339	0.0381
0.1289	0.2455	0.6419	0.5332	1.1087	0.0647	2.0875	0.9740	1.8057	0.7660
-0.8148	0.1267	2.0746	0.7509	1.0534	1.0090	0.5322	-0.3598	0.9826	0.5855
-0.0434	0.1046	2.4061	-1.3575	-0.0067	0.0083	0.1350	0.6638	1.1071	1.9213
0.0805	0.1551	0.1493	0.8759	1.9828	2.4046	1.2866	-1.3136	1.8792	0.0750
0.0144	0.0147	2.1159	0.8143	0.3537	0.2070	0.1018	0.7491	1.4922	0.2789
-0.4965	0.8612	0.3947	0.7621	0.6424	2.3976	-0.0945	-1.2352	5.1694	0.0453
-0.4136	1.2226	0.0322	0.8703	0.5331	0.1026	-0.5503	0.3477	0.4969	0.3461
-0.1612	0.6594	0.2597	-0.2062	0.8684	0.6591	4.7829	-0.3329	0.7994	0.6860
-0.7829	1.3368	0.4522	0.9961	0.3541	0.8964	3.4210	-0.4777	1.0299	0.8335
0.9959	0.6047	1.5006	-1.0163	1.2572	0.6243	1.7001	0.7697	4.4522	0.9592
-0.4459	0.8998	0.0132	1.9861	0.5571	0.0261	3.6506	0.1399	1.3109	0.1802
-1.1768	2.1813	0.5659	2.8055	0.3905	1.2149	-1.7720	-0.6114	1.9293	0.2861
0.0261	1.3792	0.5803	-2.4637	-1.1488	1.3260	3.1605	0.2942	0.8719	3.7477
0.3090	0.9814	0.9196	-0.3041	0.2200	3.1664	-0.2288	0.4666	2.2500	0.2015
0.6928	0.1571	1.0529	-0.8100	2.2218	0.5329	1.0027	0.6288	0.3250	0.3699
0.3077	0.4962	1.6605	-0.0235	0.7667	2.8230	0.3914	1.3832	1.1212	0.1930
-0.7497	0.1926	1.5718	-1.5962	-0.9253	0.5818	-0.3425	1.1499	0.2314	3.5321
-0.6283	1.8186	0.0503	0.6403	1.5597	0.8776	-0.9586	-0.0327	2.0075	0.1339
0.0543	0.8325	2.1722	1.1349	1.9901	0.9614	-0.2829	0.6393	3.3202	0.2444
0.4158	0.7347	0.5908	-0.2734	1.1178	0.0316	-0.0086	1.0513	0.2915	1.8630
-0.1533	1.1404	3.4436	0.0942	-0.0693	2.7701	0.7685	-0.7110	1.2497	1.2267
0.6820	0.0238	0.7731	0.8335	1.4740	1.1390	4.3631	1.3773	0.7607	0.2021
-1.7720	1.3477	3.7714	1.3773	0.9147	0.0928	-1.7953	2.3528	0.9725	0.1462
0.9609	0.4702	0.0724	-0.8190	-0.0148	0.7682	1.2679	-0.1014	0.4205	0.2587
-0.6319	1.0789	2.1543	-0.2709	-0.4701	0.4452	-0.0352	0.5993	0.5125	2.6994
0.5834	0.0814	0.1737	-1.4171	1.1761	0.7051	0.5946	1.2024	1.6747	1.4328
-0.4496	2.8494	0.2574	0.6869	1.9505	0.1373	-0.6388	-0.0058	0.9847	0.3352
-0.0493	0.5472	1.0476	0.1708	0.5112	0.9793	-0.0407	2.1819	0.5265	0.1082
-0.6179	0.2320	2.4933	-0.0443	1.8837	2.4054	0.3601	1.4040	1.2530	1.5979
-0.5396	0.5282	1.6384	0.9763	0.1906	0.6400	-0.3760	-0.1996	2.1499	0.7214
0.0488	1.6471	0.5660	1.4561	0.5419	1.1093	-0.1008	-0.6011	0.4635	0.8106
2.4836	1.4460	1.2005	-0.6785	0.5378	0.5151	1.8057	0.6688	2.5290	0.1753
-0.8798	1.2666	0.5716	0.8759	0.2187	2.1880	-1.2861	-0.8607	3.0865	0.1260
-0.4187	0.0118	1.3343	1.9964	0.0152	0.6414	-0.2340	0.2010	0.7905	0.3916
1.6134	2.1336	0.6651	-2.0064	-0.0349	0.9471	0.3414	-0.3904	1.4303	1.5880
1.0080	0.4931	0.4806	-0.2502	1.2113	0.7379	1.2318	-0.1952	0.7852	0.0524
0.0911	0.7983	0.5255	0.2496	0.3505	1.0122	0.0680	0.0208	0.5050	0.0710
1.6653	1.0175	1.6832	-1.5555	0.4464	1.8628	3.2440	0.3042	1.4033	1.2451
-2.9174	0.1281	6.9491	5.4628	0.1554	1.3626	-2.0923	0.5533	0.6979	1.5478
-0.3055	0.8829	0.4311	1.4267	-0.1797	0.1422	-0.4260	0.5800	1.4885	0.8914
-1.2557	0.6416	2.3037	-0.2136	-0.3441	0.0309	-0.9871	0.6022	1.9297	1.8888
1.9682	0.7754	0.0868	-0.3237	3.8400	1.3146	1.3896	-0.1279	1.2034	0.0982
-2.0172	1.7752	4.3103	2.7362	0.1753	0.1136	-0.1410	1.6850	1.5979	0.3537
0.3952	0.1864	3.3991	-0.8968	-0.3795	0.2580	0.5661	1.5965	1.9183	1.2953
0.4443	0.7917	0.5408	2.5683	0.4533	0.5936	0.0501	1.7347	0.4617	0.4181
0.5523	0.7192	3.0581	-0.2796	0.1071	0.4866	0.1547	0.5663	0.2460	0.1909
-0.0799	0.3612	0.2653	0.0085	0.6210	0.0302	0.0422	0.8159	0.5902	1.6431
-0.1760	0.3355	0.1589	0.0931	0.6712	0.1575	-0.1717	0.0284	0.2596	0.9386
-1.3985	2.8328	0.1446	1.2970	-0.0174	0.2064	-1.4093	0.0615	0.6162	0.0784
2.8637	0.4101	0.0511	-2.4073	0.3482	0.1198	3.0630	2.4498	5.7943	0.2106
1.3772	0.2165	0.2892	-1.3167	0.0079	0.2777	1.6617	2.6222	0.4437	0.2463
0.6267	0.6514	0.3408	-0.7343	0.3483	1.9573	0.3251	-0.4828	7.3511	0.5196
-0.0531	0.6143	0.1520	2.2864	1.4408	0.6706	-0.0760	-0.1992	1.9529	0.1363
0.7904	0.0114	0.2196	-0.8796	3.0107	1.5757	3.8438	-0.7449	1.9695	1.2716
-0.3437	1.0545	0.5700	1.2822	0.6759	0.4638	-0.6605	0.0714	0.4488	1.5144
-0.0052	0.3522	0.9231	0.5836	0.9064	0.6032	1.6808	0.4054	4.3545	0.5101
-0.6496	0.7699	1.7441	2.7404	1.0347	2.0971	-0.8893	-1.0736	1.3083	0.0341
1.6453	0.1328	0.0051	-0.7960	0.6007	0.1118	1.7314	1.1462	0.0966	0.2532
0.6680	0.1497	1.6020	0.9398	1.2161	1.8253	1.9080	-0.0555	0.7868	0.1111
-0.0813	1.0669	0.1669	-2.1275	3.8684	1.1286	0.0030	-0.6688	1.4463	3.4355
-0.0321	0.5085	0.3089	-0.2450	1.1648	0.1086	-0.0974	0.6892	0.6385	0.6715
1.6462	0.0756	0.6710	-1.6942	1.8379	1.0490	2.0518	-0.3447	0.8949	0.5333
0.0345	1.1200	0.1650	0.5001	0.5799	0.8614	0.5044	-0.1424	1.3936	0.3360
-1.9541	0.2576	5.0479	1.8811	1.6270	0.4595	-1.2966	0.3965	4.3946	0.0446
0.0292	0.7515	0.2445	0.8215	0.5786	0.3728	0.5634	0.7350	4.7987	0.0648
-1.0677	1.7220	0.3343	0.5447	0.4444	1.7709	-1.2526	-0.2237	0.7326	0.7399
0.8195	0.0255	0.4818	-0.4315	2.9997	0.2200	4.5944	0.2136	0.5127	0.7064
-0.2407	1.1615	1.0233	0.1861	-0.1010	0.3706	-0.2204	-0.1008	0.5135	0.3870
-1.1782	1.4124	1.3283	1.9261	0.5152	0.7983	-1.4305	0.0971	1.2656	0.9035
1.2573	1.1416	1.6464	-0.7946	0.1640	0.6230	2.3422	1.5986	0.8088	0.2067
2.7261	1.1859	0.7828	-3.1403	0.2187	0.6886	2.7146	1.5566	1.5365	1.3345
0.4892	0.4116	0.0155	-0.0779	-0.2177	0.2859	0.8872	0.9328	0.1641	0.7643
-0.7763	1.4018	2.2971	0.3335	0.1280	0.3324	-0.8663	0.2395	0.8454	0.4788
-0.2578	0.5828	0.5635	-0.5418	0.8732	0.9623	0.0688	1.3368	1.3796	1.0293
-0.1974	0.5881	0.5340	0.9768	0.6354	0.2619	-0.4233	0.6433	0.5223	0.5504
-0.8053	1.6192	0.7128	-0.5159	1.3346	4.3934	-0.8333	-1.6036	1.9372	2.5512
-0.2223	3.9785	0.2274	3.2524	1.3479	0.0562	-0.3500	0.2029	1.0331	0.1313
0.3675	0.1205	2.3279	1.3134	0.1380	0.3131	0.4734	0.2198	0.9534	0.7563
0.3511	0.2014	0.5122	-2.7750	0.4103	0.6864	1.6982	0.9208	1.8177	4.2450
0.0378	0.8374	2.0310	-0.6738	-0.0869	2.1474	2.1147	-1.0129	1.3473	1.7561
-0.0557	0.0313	1.5797	-0.4111	0.7967	0.5271	0.0138	-0.0605	0.2278	1.5528
0.3385	0.2331	1.4832	-0.2411	0.6987	0.6780	1.4481	0.2133	0.6858	1.3800
-0.6693	0.8326	1.9441	0.5781	-0.1682	0.6073	-0.9549	1.9290	0.7703	1.3766
1.1473	0.8291	0.5248	-1.7018	0.5421	3.8608	2.2456	-0.7375	1.7141	1.6431
-1.0438	0.7085	1.7656	0.3581	0.8548	0.9039	-1.0213	0.3616	2.3313	0.7766
1.1339	0.3183	0.1674	-0.7487	0.5965	0.4494	1.1313	-0.0312	2.3846	0.4147
-0.8648	0.5760	1.3280	0.1169	0.1942	0.2615	0.7027	0.0451	2.2090	0.8343
-1.6334	0.2261	3.7297	1.8519	0.0998	2.9663	-0.3324	-1.4645	1.1686	1.0977
0.0245	0.3045	0.1623	0.0087	2.0052	1.3835	0.0273	1.1291	0.8432	0.5384
-0.9567	0.2107	2.4925	0.5004	2.6400	0.0717	0.1248	0.7008	1.4613	0.4039
1.4784	0.1132	0.4085	-1.1339	0.8764	0.2723	1.6408	0.8422	0.9409	0.0931
-0.0703	0.2000	1.1791	0.8469	0.2894	0.7088	0.0792	1.5000	1.7543	0.1401
4.0970	2.7539	0.1976	1.2360	0.2428	0.0814	1.5321	0.0017	0.9212	2.7488
1.0190	0.8356	0.0906	-0.9792	0.0425	0.5001	0.7903	1.2376	0.6248	0.2036
0.6979	0.9953	0.1425	-0.5077	0.4491	0.8842	2.0740	-0.0119	1.6513	0.1731
-0.8693	1.7646	0.1575	0.6407	0.0725	3.1701	-1.2128	-0.8158	1.2662	0.4910
-0.2804	1.2100	0.3012	-0.9901	0.4241	0.3082	1.0243	0.4174	0.5607	1.6431
-3.7728	1.9377	6.5776	3.9030	0.6330	0.8000	-1.8788	0.7019	0.4629	0.3655
-0.8733	0.0140	2.4584	0.4281	-0.5846	1.0196	0.0613	0.5939	3.4741	1.8032
-0.1710	1.8216	0.6096	-0.2741	-0.5880	3.3283	-0.0285	-1.7498	2.9868	2.2682
-0.1885	1.7425	0.1527	-0.1592	4.5653	0.1849	-1.0265	0.5674	1.3341	0.6807
-0.2091	2.4737	1.4750	-1.0131	0.6191	2.4861	-0.7942	-0.0131	2.0728	1.5999
0.2796	0.0257	0.6415	0.0036	0.2142	2.6275	4.2149	0.9754	1.5867	0.0292
-0.4560	0.2296	1.2206	0.8500	1.3949	0.5766	1.2094	0.0012	1.8007	0.4941
0.5836	0.0720	0.3481	1.1825	0.9845	2.9670	0.4066	1.4445	1.1249	0.0778
-0.3057	1.4534	1.3688	0.8110	0.2025	0.8508	-0.2316	0.1158	1.0365	0.2966
1.1303	0.1942	0.3530	-0.8788	0.5557	1.7086	0.8100	-0.7968	0.9832	0.5936
-0.1008	0.3132	1.4705	-0.4839	-0.4482	0.4246	0.2310	2.6733	0.5780	1.5531
-0.2510	0.2159	1.1384	2.7416	0.2420	0.7320	0.0104	1.9709	0.4758	0.1431
-0.1734	0.7085	1.6145	1.6055	0.1427	0.7631	-0.3254	0.0399	2.7438	0.0763
-2.4994	2.8798	2.7575	4.0106	0.5307	0.0981	-3.3522	1.3033	0.7113	0.4529
2.7076	0.6484	0.4394	-2.6190	0.0756	0.1689	1.8551	0.0836	1.3093	0.9720
1.3924	0.6293	1.0630	-1.0321	1.0295	1.4881	1.2875	0.6959	1.7397	0.1590
-1.1470	0.9947	1.4642	-0.3505	0.4550	2.1246	-0.7286	1.1659	2.1110	2.0492
0.4311	0.8092	0.0989	-0.4357	0.7465	0.5471	0.2721	0.0337	0.7226	0.2137
-1.6927	1.4176	4.4116	1.5793	0.0098	0.8789	-1.7299	0.0562	1.6862	0.5815
-1.0866	2.0729	0.5850	2.2597	0.2640	1.5396	-1.2671	1.3744	2.4647	0.1864
-2.0290	2.5660	1.5851	2.3288	0.0487	1.8626	-1.1390	1.0225	1.3315	0.0928
-0.9027	1.0756	1.2464	1.6824	0.2690	0.4692	-0.1395	0.1851	1.0452	0.9323
0.0076	0.0657	1.2498	0.4129	-0.3101	1.1371	4.6394	-0.5062	1.7518	0.9401
0.0472	0.4938	1.3347	2.0916	0.0563	0.2351	1.2371	0.3122	2.6870	0.0978
-1.0357	0.5011	1.8321	0.3958	0.2197	0.0845	-0.8305	1.9115	0.8947	0.6194
0.5149	0.5095	0.5977	-0.7974	1.1204	0.7083	0.2064	3.9780	0.3605	0.8197
0.3229	0.6227	1.3216	1.9375	0.6245	0.8572	0.0570	0.3921	0.3515	0.0784
-0.4591	1.9207	0.5936	-3.0515	-1.4486	0.0063	0.8130	0.8366	0.9609	4.7531
0.9282	0.2005	0.0670	0.2804	0.9461	0.0016	0.9782	1.8536	0.1762	0.5775
-0.1260	0.1909	1.0526	0.0814	-0.9262	1.7329	0.3422	-0.9042	0.7565	3.0314
-0.9434	1.4161	0.7240	4.1714	0.7097	1.0087	-1.4614	0.4600	1.2047	0.1232
1.9580	0.1294	0.4162	-1.9197	-0.1348	0.1824	1.6520	1.3033	0.3528	0.4210
-0.2227	0.3849	0.0426	0.8590	0.9119	1.9618	-0.0526	-0.4136	1.6640	0.9897
-0.3791	1.1485	0.0003	1.9701	0.9545	1.1386	-0.3809	-0.5885	2.0002	0.3679
0.1113	0.6500	0.3060	-0.0980	0.1315	0.5844	0.6080	0.9730	1.2688	0.2778
0.7310	0.0156	1.3817	-2.5117	0.5010	0.1663	0.6969	5.7559	0.6744	3.0267
-2.1677	4.4969	1.5154	2.2209	0.1394	0.3286	-3.3247	1.2320	0.7638	0.0027
0.8347	0.3602	0.4240	1.1078	0.0989	1.1434	0.9121	0.2188	0.9724	0.0093
0.7775	0.1095	1.0376	-0.6095	0.3254	2.0837	0.9955	-0.2686	1.2762	1.0810
-0.7840	1.4441	0.0865	0.3520	1.1194	0.1730	0.9114	-0.0476	1.4623	0.6120
1.4052	0.1048	0.2041	0.9100	0.9721	1.1427	1.5577	0.7462	0.8897	0.1009
-1.0906	2.1203	1.0420	0.1328	0.1456	0.5368	-2.0043	0.0940	0.6953	1.2347
0.1408	0.7707	0.0913	-0.1527	0.5613	0.6657	0.1293	0.0430	0.3476	1.3293
-0.2967	0.5004	0.0834	0.3190	0.0022	1.6426	-0.3359	-0.9664	2.5628	0.3647
-0.5807	1.9496	0.5944	-0.2735	1.2693	0.5405	-1.3394	0.2875	0.3233	1.1461
0.7604	0.2977	0.2524	1.0911	1.8008	0.1154	0.7128	2.1734	0.1531	2.1090
-0.2927	1.5566	0.1807	-0.1494	2.6241	0.3234	-0.2625	1.1495	1.7961	0.9535
1.0879	0.2685	1.3320	-0.4811	0.4252	0.0403	1.4566	0.1595	0.2731	0.1226
0.6939	0.1592	0.4968	-1.4084	3.4239	0.8317	0.8202	0.5261	0.3862	1.2893
-1.5443	3.2172	0.4794	2.6906	0.4670	2.7867	-2.0169	-1.5232	1.4986	1.1594
-0.2664	0.8935	0.8282	1.7102	0.0337	0.5723	0.7341	-0.1459	0.3607	0.1111
-0.9939	1.2516	2.8389	2.2888	1.1264	0.4090	0.3744	3.1574	0.4663	0.5906
0.5476	0.2753	1.7691	-0.5698	-0.0914	2.7512	2.6948	-1.5390	1.5315	0.3164
0.1768	0.3854	0.8003	-1.2364	0.6464	0.1819	0.5969	3.7653	0.1434	2.2597
-0.1704	0.7671	0.6963	0.0544	1.6724	4.3173	0.4418	-2.5873	3.1823	0.8799
-0.2537	1.1953	0.0251	-0.3304	-0.0350	0.6496	-0.1851	-0.2980	0.9475	1.0144
0.0077	0.2254	1.5065	1.1700	0.7607	0.6457	-0.0981	0.1431	2.4484	0.2724
-0.5432	3.0213	0.3763	-1.1964	1.0925	1.5639	-2.0823	-0.0917	0.7842	2.2087
-0.2836	0.5228	1.1186	0.3572	2.3118	0.1417	1.3228	0.1130	0.4815	0.5637
1.5102	0.0450	0.7001	-1.0847	-0.0288	1.8481	1.5960	-0.4266	1.6358	0.7535
0.6593	0.1283	0.6690	2.3454	0.2601	0.4813	0.4502	0.8627	2.6267	0.2462
-0.2780	0.3234	0.9922	0.6872	0.7791	1.3420	0.5799	0.6125	0.7942	0.4036
-0.0002	0.2673	0.4837	-1.4759	-0.8921	0.0242	1.0281	0.1515	1.7654	3.3755
0.6707	0.3988	0.3916	0.9060	0.4016	1.4798	0.8143	0.0242	0.5828	0.0018
0.0138	0.9462	0.2498	-1.0678	-0.7740	1.6671	-0.5373	0.2602	3.0981	2.6569
-1.4720	2.2461	1.2327	1.9517	1.7558	0.9379	-0.5907	1.0617	0.7411	0.7105
-0.1666	0.3890	1.1285	1.1172	0.2180	0.5953	1.3741	0.4588	0.2457	0.7966
0.1242	0.5734	1.2428	-1.4903	0.3825	0.1237	2.8055	1.6899	0.2687	1.9261
-0.7208	0.1669	2.6523	1.8199	0.0877	3.0840	1.1535	0.0106	2.1548	0.5319
3.0774	2.5430	0.2361	-2.4874	1.4899	1.6019	1.1474	0.4364	1.5868	0.0727
-1.8724	2.7171	2.7670	2.1705	0.9947	2.1542	-2.6321	0.5822	1.0922	0.1433
-1.4021	3.8994	0.3283	1.9584	2.0787	2.1203	-1.2943	0.9635	2.1509	0.5227
-0.3650	0.9887	0.0759	-0.1802	-0.1592	0.4458	-0.7245	2.3532	0.5024	0.8644
-0.1998	0.9309	0.5937	-1.2482	0.5869	0.3700	0.1655	1.1509	0.7825	2.1338
2.3970	1.3430	0.1838	-2.5475	0.4949	0.0927	2.5019	1.0403	0.0774	1.7612
0.6806	0.2407	0.5887	-1.3868	-0.4924	0.5406	0.3940	0.0899	3.6352	1.6433
-0.4561	2.3335	0.4813	-0.6960	0.9744	0.4684	-1.2985	-0.1556	0.9155	1.4365
1.4531	0.1019	0.3863	2.1575	0.7244	1.6335	1.3429	-0.9188	2.1106	0.0337
-0.2699	0.7066	0.0718	0.5115	-0.1303	1.5310	0.5771	-0.9289	1.5273	0.8277
0.1994	0.0023	2.8108	0.9857	0.1807	0.5646	1.1103	2.9757	1.9123	0.7608
0.8757	0.0098	1.9167	2.5265	2.2542	0.3166	1.2068	1.7299	1.7575	0.5877
-0.6784	1.5800	0.1452	0.7812	-0.0387	0.0132	-1.3023	1.2047	2.6066	0.2743
0.1993	1.3970	0.0486	-0.4037	0.0571	0.9036	-0.1265	-0.0146	0.4444	1.1202
1.2535	0.3028	0.9825	-0.4932	2.9220	0.0724	1.4546	1.5011	0.8984	1.0380
0.4262	1.7063	0.4937	-2.2545	-0.6872	2.2639	-0.6434	-0.6471	0.9695	3.2534
-0.1994	1.4030	0.0558	-2.4967	-0.2097	3.2556	1.2574	-1.8323	1.4183	3.6198
0.2238	0.8976	0.3404	-0.3514	0.4993	0.2563	-0.2366	1.5688	0.0986	0.9202
1.1141	0.2288	0.0704	-0.3628	0.0725	0.4006	2.4667	-0.1866	2.0404	0.2074
-1.9339	2.1098	2.1307	1.3796	1.4031	1.3231	-2.5467	-0.2540	6.5696	0.6716
0.1582	1.2841	0.3943	1.8279	2.2303	1.4761	-0.0784	-0.3058	1.0104	0.0391
-1.4632	3.4341	0.0459	0.3052	2.8267	1.3667	-1.7950	0.7600	0.6020	1.1976
-0.1275	1.1247	0.2974	-1.4638	-0.7427	0.9663	-0.2094	-0.3856	1.4433	2.3422
-1.0956	1.8158	1.0164	-2.0117	-1.0863	1.2207	-1.4049	1.5905	0.5063	4.1654
1.6670	1.6023	0.6777	-1.3902	0.0681	1.0242	0.6757	0.0172	1.0646	0.2181
0.7736	0.3682	0.0372	0.3902	0.1336	1.9014	0.8754	-0.6531	1.6907	0.0288
0.0487	2.3688	0.0398	2.7023	1.2318	0.1361	-1.0103	0.5682	0.1944	0.0224
1.8842	0.7337	0.7447	-0.7507	0.3258	1.2709	2.3100	-0.1961	1.4050	0.0334
-0.4235	3.4132	1.2027	0.9961	0.0594	0.1347	-2.2631	0.0588	0.3259	0.4650
-0.7908	3.5915	0.0792	-1.8409	0.8788	0.2007	-2.5456	-0.0533	0.4686	4.4601
1.0074	1.0013	1.8711	-0.7816	-0.0053	0.6575	1.7412	0.0343	1.2217	0.2870
-1.0757	0.2183	3.6559	0.6614	0.6338	0.1948	1.9609	2.1584	1.0714	0.6037
-0.2762	1.6190	0.3481	-0.0340	3.1649	0.5413	-0.9416	0.8277	1.5414	0.3809
-0.2638	0.9734	0.2054	-3.1459	1.3491	0.3695	-0.6658	1.2986	0.2333	4.5282
0.4127	0.1936	0.0183	0.0245	2.5498	0.6226	2.0936	0.2391	0.3789	0.4213
-2.0731	2.3092	2.2845	1.7877	0.0903	0.1580	-1.4879	0.3742	0.7675	0.4234
-1.0872	0.5229	2.0497	0.6174	0.0841	1.1618	4.3003	0.0717	0.9188	0.5447
-0.3753	1.1596	0.4215	0.5502	0.1004	0.4330	3.4134	-0.0500	0.7342	0.3978
-0.8551	0.6214	4.2785	-0.2736	0.6361	1.3203	-0.8099	-0.3105	0.5247	1.5936
2.3580	1.8735	1.2625	-2.0075	2.9606	0.0425	2.3118	0.3231	0.4212	1.5406
0.9477	0.6108	0.5132	-5.7134	0.7586	8.8119	1.2099	-1.8575	3.6127	6.6397
-1.5314	1.8521	1.7636	2.4469	-0.1162	0.0857	-0.6518	0.9290	2.2686	1.6645
0.4566	0.7162	0.6628	-0.2691	0.4850	0.1481	-0.0559	0.2653	0.3410	0.6838
0.6885	0.5107	0.1626	-0.4348	0.0822	0.5229	3.1310	0.5031	1.4058	0.6620
0.1313	0.8384	0.0740	1.2416	1.8145	0.2069	-0.3540	0.3961	0.9304	0.3038
